seed	galaxynumber	starid	单极磁	初始星系可燃冰	初始星系潮汐锁定	距离	铁	铜	硅	钛	石	煤	原油涌泉	可燃冰	金伯利	分形硅	有机晶体	光栅石	刺笋	氢气	重氢	可燃冰
726845	64	60	8	1	0	2.967533	28	33	22	20	21	14	22	1	2	9	3	2	2	0.84	0.13	0
2594003	64	58	5	1	0	4.023922	22	34	23	20	31	13	22	2	1	2	2	1	3	0.93	0.04	0
2874403	64	60	3	0	0	4.469111	39	48	14	32	17	12	18	4	2	2	4	1	1	0.95	0.04	0
3634373	64	56	7	1	0	4.175082	25	34	20	18	29	12	12	3	7	4	5	2	1	0.84	0.04	0
4121953	64	60	5	1	0	4.410238	39	38	16	35	17	11	14	4	2	5	1	3	1	0.77	0.15	0
4348508	64	59	10	0	0	4.07289	41	31	13	23	12	11	18	5	2	3	1	1	3	0.81	0.04	0
5094800	64	60	5	1	0	4.59542	32	24	22	28	21	13	20	2	2	2	1	1	1	0.84	0.04	0
7343293	64	60	4	1	0	3.876809	38	41	20	20	29	13	12	3	3	1	2	1	1	0.94	0.03	0
10873475	64	60	4	1	0	4.816816	43	37	27	23	17	15	22	5	10	2	1	2	1	0.95	0.04	0
11000651	64	57	8	0	0	4.745568	37	28	19	26	14	14	22	7	3	1	2	1	2	1.13	0.16	0.67
12636075	64	56	4	0	0	4.811366	39	47	20	25	20	14	18	1	3	2	2	1	1	0.86	0.04	0
21743347	64	59	3	0	0	4.343696	21	35	5	22	21	11	12	6	1	1	1	1	1	0.8	0.15	0
27685131	64	60	4	1	0	4.280922	20	27	15	20	24	10	22	4	1	2	1	1	1	0.75	0.15	0
29328820	64	60	6	1	0	4.498473	43	36	26	22	21	17	22	7	4	7	1	2	1	0.77	0.14	0
29832478	64	51	13	1	0	2.402822	37	40	17	33	18	13	22	12	4	3	2	2	1	0.92	0.04	0
31779165	64	60	21	1	0	3.800617	39	36	28	27	17	15	22	2	6	7	1	2	1	0.8	0.14	0
34378603	64	56	5	0	0	4.338499	50	32	14	30	13	12	14	1	1	5	2	13	1	0.78	0.16	0
40140622	64	46	9	0	0	3.905077	26	36	8	32	23	12	12	9	1	3	1	2	1	0.8	0.14	0
42861281	64	40	6	1	0	2.420284	37	50	15	31	19	13	22	2	1	3	1	7	2	0.84	0.04	0
44668903	64	57	7	0	0	4.733662	39	45	25	24	22	17	22	3	1	1	1	3	1	0.82	0.04	0
47408584	64	58	2	1	0	3.316836	44	42	19	28	21	12	18	4	1	1	1	1	2	0.81	0.04	0
49270920	64	42	4	1	0	3.940416	43	37	20	29	18	15	22	1	2	1	1	2	2	0.89	0.04	0
50987215	64	53	2	0	0	4.980061	38	33	6	22	20	12	12	3	4	1	1	2	1	1.61	0.18	0
52031914	64	41	9	0	0	4.744068	39	37	22	27	19	14	18	1	1	5	2	1	1	0.92	0.04	0
52836594	64	60	11	0	0	4.763439	35	42	13	24	15	12	22	1	1	2	1	4	1	1.56	0.2	0
53098286	64	44	3	1	0	4.904433	51	35	6	24	20	14	12	3	2	1	2	12	2	0.83	0.04	0
61659036	64	60	8	0	0	3.897396	43	39	15	30	16	12	18	12	3	1	2	2	1	0.93	0.04	0
63470234	64	50	8	0	0	4.648512	36	50	14	25	24	13	12	6	3	3	1	1	1	0.77	0.15	0
67372467	64	60	6	1	0	3.022533	48	32	19	24	24	15	22	2	1	1	2	12	3	0.87	0.04	0
68359414	64	58	8	0	0	4.417305	43	39	15	30	16	12	18	4	4	2	3	9	1	0.9	0.04	0
68565532	64	51	9	1	0	4.681723	39	38	16	34	16	12	18	2	2	4	1	2	2	0.73	0.14	0
72194784	64	39	15	1	1	4.509947	41	41	16	29	18	13	22	6	1	2	3	4	1	0.97	0.03	0
72452259	64	59	5	0	1	4.571077	36	50	14	25	24	13	12	2	1	1	1	3	1	0.84	0.04	0
75308085	64	49	4	0	0	4.686257	43	36	26	22	21	17	22	1	8	2	1	1	1	0.91	0.04	0
79625676	64	60	8	1	0	4.651189	37	42	7	32	30	13	12	1	2	1	1	1	1	0.74	0.14	0
80702628	64	38	4	0	0	3.866575	37	49	21	24	22	15	22	6	3	4	1	1	1	0.91	0.04	0
80741755	64	39	2	1	0	4.522971	43	37	20	29	18	15	22	8	2	5	1	3	1	0.91	0.03	0
82288328	64	50	4	1	0	3.807389	39	36	28	27	17	15	22	2	8	4	1	2	1	0.82	0.04	0
83126290	64	60	2	1	0	4.517276	44	39	18	28	24	15	22	1	2	6	2	1	1	0.76	0.15	0
84954177	64	59	8	1	0	2.054129	43	39	15	30	16	12	18	3	1	2	1	4	1	0.81	0.04	0
85493910	64	60	5	0	0	4.034493	39	33	14	22	14	12	22	2	2	1	1	2	1	0.81	0.04	0
85547807	64	50	3	1	0	4.977393	26	30	29	20	19	12	14	1	3	1	1	1	1	0.83	0.15	0
86727163	64	54	3	1	0	4.656744	30	32	22	22	15	11	18	12	8	1	2	3	1	0.84	0.04	0
87737829	64	60	5	1	0	3.491254	37	39	23	26	21	15	22	11	4	2	2	1	1	0.8	0.03	0
91207318	64	60	7	0	0	4.713886	51	31	15	29	13	15	20	3	1	3	2	13	2	0.96	0.04	0
91215752	64	56	2	1	0	4.823472	37	40	17	33	18	13	22	2	1	2	1	1	1	0.91	0.04	0
93708497	64	60	5	1	0	2.767706	37	40	16	30	26	11	18	2	2	3	2	2	2	0.81	0.04	0
96456328	64	60	4	0	0	4.930239	52	35	14	24	14	14	22	2	3	3	3	15	1	0.75	0.15	0
100717130	64	43	3	1	0	4.137277	35	42	13	24	15	12	22	2	2	1	1	1	1	1.13	0.16	0.67
101905477	64	50	2	1	0	4.898402	27	34	20	28	27	13	22	2	3	1	1	1	1	0.88	0.04	0
106418042	64	53	6	1	0	3.433652	22	35	13	22	15	11	22	2	3	2	2	2	1	0.8	0.04	0
109582210	64	60	11	1	0	4.223787	31	34	13	27	22	11	18	7	2	4	1	2	1	0.83	0.04	0
113564677	64	60	4	1	0	4.414347	42	44	20	27	23	13	22	3	10	2	1	2	1	0.82	0.03	0
114774980	64	54	3	1	0	3.991541	37	40	17	33	18	13	22	5	2	4	1	2	1	0.74	0.15	0
120921347	64	45	4	0	0	3.705369	39	38	16	35	17	11	14	4	1	11	2	1	2	0.84	0.04	0
130722134	64	36	3	0	0	4.968984	39	37	22	27	19	14	18	2	3	4	1	3	1	0.88	0.04	0
140765056	64	60	4	1	0	3.318974	31	31	24	19	27	16	22	6	11	1	3	1	1	0.91	0.04	0
144110863	64	60	4	1	0	4.142539	39	41	21	26	24	13	22	7	4	1	5	1	1	0.91	0.03	0
147214229	64	54	7	1	0	4.51489	41	37	32	20	23	15	22	2	6	2	1	1	1	0.95	0.04	0
148873786	64	55	11	1	0	4.328172	41	29	18	22	14	14	22	5	3	1	2	3	1	0.9	0.04	0
152166865	64	60	3	1	0	3.63708	37	30	14	28	13	10	14	4	4	1	3	2	1	0.98	0.16	0.68
155503544	64	60	7	1	0	4.201309	39	37	22	28	20	13	14	2	1	7	1	2	1	0.72	0.16	0
156356484	64	60	16	1	0	3.139897	42	41	15	36	16	11	14	9	4	8	2	2	2	0.9	0.04	0
166083473	64	60	14	1	0	4.917266	37	45	8	30	33	12	12	4	4	2	1	1	2	0.87	0.04	0
170901463	64	60	5	1	0	2.361856	42	39	20	34	17	15	22	3	1	1	3	2	1	0.8	0.15	0
174609990	64	60	3	0	0	3.622459	33	24	22	25	18	12	14	13	8	3	1	3	1	0.82	0.14	0
174618790	64	48	4	0	0	4.086956	41	41	16	29	18	13	22	3	10	1	1	1	2	0.72	0.15	0
177026162	64	60	2	0	0	2.187712	40	43	16	34	17	13	22	7	1	1	1	1	1	0.91	0.04	0
177086348	64	49	3	0	0	4.544375	44	44	15	30	17	13	22	5	2	6	1	1	1	0.91	0.04	0
181313908	64	55	6	0	0	3.93015	37	42	7	32	30	13	12	5	1	1	2	3	4	0.83	0.04	0
181400366	64	58	5	1	0	4.884003	26	24	13	24	19	12	20	4	1	1	1	1	1	0.9	0.04	0
182201257	64	59	6	1	0	4.463716	35	42	24	23	27	12	22	5	3	1	1	3	2	0.92	0.04	0
195576116	64	52	10	1	0	4.778037	36	40	9	33	24	13	12	1	2	1	1	1	1	0.89	0.04	0
197011020	64	58	4	0	0	4.818102	41	41	23	23	17	13	22	4	2	5	1	4	1	0.75	0.14	0
197973959	64	53	2	1	0	4.809074	43	37	20	29	18	15	22	2	2	3	1	2	1	0.95	0.04	0
200165779	64	53	3	1	0	4.941818	44	40	24	27	23	15	22	4	1	2	1	4	1	0.84	0.15	0
205003074	64	45	2	0	0	2.248301	39	33	14	22	14	12	22	1	8	1	1	1	1	1.7	0.07	0
208881990	64	55	13	0	0	3.977742	43	39	15	30	16	12	18	4	3	2	1	5	1	0.91	0.04	0
209611405	64	39	3	1	0	2.804023	37	40	24	27	17	13	22	8	8	2	1	1	1	0.84	0.03	0
210853490	64	53	4	0	0	2.661522	24	37	14	21	36	13	12	3	2	1	2	3	1	0.88	0.04	0
211879253	64	46	3	0	0	4.770833	41	38	26	20	25	14	18	5	2	2	1	1	1	0.94	0.04	0
211963467	64	40	7	0	0	4.483432	38	42	15	32	24	13	22	11	2	3	2	1	3	0.93	0.04	0
214089126	64	57	7	0	0	4.828371	39	46	19	31	19	15	22	1	4	1	2	4	1	0.83	0.04	0
215154734	64	50	7	0	0	4.826808	38	41	13	26	30	13	12	2	2	8	1	2	1	0.77	0.15	0
215329359	64	60	4	0	0	4.920354	35	42	13	24	15	12	22	2	2	6	2	2	1	0.86	0.04	0
215415081	64	60	4	0	0	3.483375	31	35	19	26	21	11	18	13	1	2	1	4	1	0.86	0.03	0
215931862	64	60	5	0	0	4.805835	37	38	17	24	15	14	22	2	2	5	1	1	1	1.19	0.04	0.61
216765130	64	55	5	0	0	2.915911	34	42	9	29	34	12	12	1	5	1	1	1	1	0.72	0.15	0
216811395	64	60	5	1	0	4.467568	37	35	10	32	32	12	12	7	1	1	3	1	1	0.86	0.04	0
218233644	64	57	4	1	0	4.496581	36	50	14	25	24	13	12	2	6	8	1	3	1	0.94	0.04	0
229516142	64	60	3	1	0	3.78776	39	46	19	31	19	15	22	1	8	4	1	1	2	0.94	0.04	0
230365851	64	57	3	1	0	3.117816	39	47	20	25	20	14	18	1	7	7	2	3	2	0.81	0.15	0
234060152	64	60	7	1	0	3.016017	41	36	31	19	27	17	22	3	2	2	2	1	1	0.83	0.04	0
236906843	64	59	8	0	0	4.715712	35	42	13	24	15	12	22	1	2	1	2	2	1	1.29	0.04	0.69
243697871	64	49	4	0	0	2.507952	32	34	7	22	30	11	12	3	1	1	1	1	1	0.88	0.04	0
243874404	64	60	7	0	0	4.572979	28	34	23	21	17	12	22	7	5	1	1	1	1	0.87	0.04	0
244936346	64	55	3	1	0	4.627666	40	36	23	27	20	16	20	3	3	8	2	1	3	0.95	0.04	0
246778075	64	56	5	0	0	4.992473	40	40	14	22	27	15	12	12	3	6	3	1	1	0.75	0.14	0
252881027	64	55	2	0	0	4.89482	40	50	12	31	23	12	18	4	1	2	1	3	1	0.84	0.04	0
254855034	64	60	7	0	0	3.494824	39	36	21	33	18	15	22	3	2	1	1	1	1	0.92	0.04	0
257446528	64	60	8	0	0	4.820925	40	40	14	22	27	15	12	7	6	1	2	1	1	0.74	0.16	0
262890358	64	41	6	1	0	4.041117	33	24	22	24	17	13	18	15	6	4	1	1	1	0.96	0.03	0
263700515	64	60	7	1	0	4.920699	41	37	25	26	24	15	22	1	1	3	2	1	1	0.92	0.04	0
264209523	64	57	4	1	0	4.205293	29	36	14	26	24	12	22	2	1	2	1	1	1	0.83	0.16	0
276093869	64	60	9	0	0	4.93333	39	38	23	29	16	11	14	6	12	2	2	3	1	0.72	0.15	0
276356432	64	60	7	1	0	3.84748	40	37	24	28	16	14	20	3	12	4	1	1	1	0.73	0.15	0
279943551	64	57	2	1	0	4.774967	34	23	23	24	18	15	20	12	1	1	1	1	1	0.75	0.16	0
281417086	64	54	2	0	0	3.947095	43	39	15	30	16	12	18	3	5	2	1	2	1	0.81	0.15	0
281759457	64	60	2	0	0	4.730903	43	39	22	24	15	12	18	6	6	1	2	1	1	0.86	0.04	0
283074720	64	54	3	1	0	4.662613	47	34	7	28	20	14	12	1	1	2	2	12	1	0.89	0.04	0
283170056	64	50	2	1	0	3.365436	39	38	16	35	17	11	14	4	1	5	2	2	1	0.9	0.04	0
284412626	64	55	3	0	0	4.476471	41	39	15	33	23	14	20	5	2	7	4	1	1	0.91	0.04	0
285800361	64	60	7	1	1	4.647323	44	42	19	28	21	12	18	10	1	1	3	1	1	0.72	0.16	0
286416131	64	53	5	0	0	4.53971	44	44	15	30	17	13	22	8	7	1	1	1	1	0.75	0.16	0
286531149	64	60	8	1	0	3.916188	37	50	15	31	19	13	22	1	1	5	1	5	2	0.75	0.15	0
288595386	64	60	7	1	0	3.671265	41	41	16	29	18	13	22	3	4	2	1	3	2	0.92	0.03	0
290172872	64	60	3	1	0	4.709573	42	41	15	35	15	12	18	2	3	1	2	3	1	0.72	0.14	0
290654290	64	49	3	1	0	4.87666	39	38	23	29	16	11	14	1	1	1	2	2	1	0.91	0.04	0
295568123	64	56	2	1	0	4.144524	43	44	7	30	23	13	12	10	8	2	1	4	2	0.74	0.14	0
298933864	64	60	5	1	0	3.199616	44	39	18	28	24	15	22	7	1	3	1	3	1	0.8	0.14	0
300269438	64	60	6	1	0	4.179213	39	46	19	31	19	15	22	1	1	1	1	4	2	0.95	0.03	0
300717608	64	57	2	0	0	4.490192	37	40	17	33	18	13	22	12	4	3	2	2	1	0.96	0.04	0
302206098	64	56	2	0	0	4.777194	39	37	22	28	20	13	14	12	9	4	1	2	2	0.95	0.04	0
305304324	64	56	2	1	1	3.67003	38	41	13	26	30	13	12	3	1	1	3	2	1	0.88	0.04	0
306772701	64	55	4	0	0	4.849635	22	35	13	22	15	11	22	2	3	2	2	2	1	0.82	0.04	0
311564998	64	60	2	1	0	3.190692	38	29	15	27	13	13	20	2	2	6	2	1	1	1.23	0.04	0.64
311757658	64	42	3	1	1	3.949697	25	33	26	11	32	14	12	1	8	4	2	1	2	0.76	0.15	0
317621387	64	48	3	0	0	4.05503	28	23	19	14	15	12	18	5	8	2	1	1	2	0.71	0.14	0
319356131	64	60	8	1	0	3.710547	26	34	28	18	23	12	22	5	9	1	1	1	1	0.97	0.04	0
322298720	64	52	6	1	0	4.855248	37	38	17	24	15	14	22	2	2	1	1	2	1	1.75	0.08	0
324376718	64	60	3	1	0	4.94143	25	33	19	17	33	14	12	2	1	2	1	2	1	0.85	0.03	0
330541834	64	53	4	1	0	2.71406	41	39	15	33	23	14	20	1	1	5	3	2	2	0.87	0.04	0
331798323	64	60	3	0	0	4.65069	26	25	20	13	17	13	22	12	4	2	1	2	1	0.98	0.04	0
334342917	64	47	4	0	0	3.152194	51	35	6	24	20	14	12	9	2	4	5	12	1	0.82	0.04	0
337038223	64	60	3	1	0	4.565974	35	26	15	30	21	13	20	10	1	2	1	1	1	0.88	0.04	0
337895178	64	53	2	1	0	4.656605	24	31	28	21	27	13	22	2	9	4	1	1	1	0.75	0.14	0
338546125	64	54	16	0	0	2.700445	27	32	20	25	26	12	14	8	1	2	3	1	1	0.75	0.15	0
344216141	64	55	3	0	0	4.335706	37	40	24	27	17	13	22	12	16	1	1	2	2	0.75	0.15	0
345441756	64	60	4	1	0	2.758176	37	40	16	30	26	11	18	1	3	9	1	2	1	0.95	0.04	0
349256101	64	56	6	1	0	4.747508	41	38	26	20	25	14	18	3	1	3	2	1	1	0.96	0.04	0
352893240	64	56	3	1	0	4.403111	40	40	14	34	23	11	14	8	3	6	1	2	1	0.81	0.04	0
356988348	64	54	5	0	1	4.665782	43	37	20	29	18	15	22	1	9	2	2	5	1	0.88	0.04	0
360037908	64	53	7	0	0	3.964037	36	49	13	24	28	15	12	1	2	1	1	1	1	0.92	0.04	0
360131114	64	45	7	0	0	4.700334	36	40	9	33	24	13	12	4	1	3	2	2	3	0.91	0.04	0
360348327	64	58	4	0	0	4.448247	39	48	21	26	16	12	18	7	2	1	2	1	1	0.96	0.04	0
365039978	64	55	5	0	0	2.630664	44	40	24	27	23	15	22	6	4	1	2	1	1	0.85	0.04	0
365739430	64	56	3	1	0	4.016587	43	39	22	24	15	12	18	4	12	7	1	3	1	0.82	0.04	0
374123750	64	58	7	0	0	4.973979	38	33	6	22	20	12	12	7	5	1	1	1	2	1.1	0.14	0.61
374546100	64	60	5	1	0	4.884171	23	43	14	23	24	12	12	1	3	2	1	4	1	0.88	0.04	0
375473415	64	60	8	1	0	3.982232	47	29	6	24	10	8	10	3	1	4	1	13	12	0.93	0.04	0
380773728	64	57	5	0	0	2.273844	37	40	16	30	26	11	18	1	6	1	1	2	1	0.71	0.13	0
383354133	64	60	6	1	0	2.708795	37	42	7	32	30	13	12	5	3	1	2	1	1	0.72	0.15	0
383804712	64	37	9	1	0	3.689069	29	37	20	25	23	12	22	7	4	1	1	1	1	0.8	0.15	0
384166985	64	48	2	1	0	4.528171	40	37	17	34	17	14	20	3	8	8	2	1	1	0.93	0.04	0
386217284	64	60	5	0	0	3.421432	36	40	9	33	24	13	12	6	2	4	1	5	1	0.83	0.15	0
389602543	64	60	3	1	0	4.134864	34	41	15	22	37	14	12	1	4	3	1	2	2	0.8	0.15	0
391541768	64	51	3	1	0	4.665935	36	40	16	27	23	13	12	9	5	2	1	1	1	0.91	0.04	0
391612747	64	60	6	0	0	4.157886	39	38	23	29	16	11	14	4	3	8	1	1	1	0.97	0.04	0
392773742	64	51	5	1	0	4.206138	37	42	7	32	30	13	12	4	1	2	2	4	1	0.85	0.16	0
401518946	64	56	9	1	0	3.395791	48	44	13	26	15	14	22	4	7	2	3	12	1	0.75	0.15	0
402424910	64	60	7	1	0	4.913868	38	29	15	27	13	13	20	1	1	1	1	1	1	0.85	0.04	0
405452963	64	57	4	1	0	4.110053	40	41	8	29	24	13	12	5	5	2	1	1	2	0.83	0.16	0
408962593	64	60	5	1	0	4.142521	27	34	15	21	23	12	12	5	8	3	1	4	1	0.93	0.03	0
412201803	64	56	2	1	0	3.957329	39	41	21	26	24	13	22	5	3	4	1	1	1	0.95	0.03	0
415746244	64	59	4	1	0	4.917088	26	24	18	18	18	10	18	5	1	2	2	2	2	0.95	0.04	0
417571757	64	46	6	0	0	4.917941	38	41	20	20	29	13	12	9	5	1	2	3	1	0.81	0.14	0
424539700	64	58	4	1	0	3.514917	39	41	28	20	23	13	22	6	3	6	4	1	1	0.82	0.13	0
428949905	64	60	8	1	0	4.207686	43	36	26	22	21	17	22	4	3	2	1	1	1	0.87	0.04	0
438711797	64	60	4	1	0	3.464672	40	37	24	28	16	14	20	1	1	3	1	2	1	0.72	0.15	0
439404941	64	59	5	0	0	2.839128	46	32	16	33	14	12	18	7	3	3	1	1	2	0.81	0.14	0
442412912	64	59	6	1	0	3.875148	40	37	24	28	16	14	20	7	2	4	2	3	1	0.73	0.14	0
442588678	64	56	13	0	0	3.906157	42	36	17	28	26	12	22	3	3	1	2	1	1	0.83	0.14	0
444896468	64	60	3	1	0	3.893821	39	43	8	34	23	13	12	3	1	2	1	1	1	0.89	0.04	0
446325641	64	50	9	0	0	4.650874	46	30	21	32	16	15	22	6	1	4	3	1	1	0.96	0.04	0
447255898	64	60	5	0	0	4.446952	40	40	14	22	27	15	12	8	12	1	1	5	1	0.73	0.16	0
450375764	64	55	4	0	0	4.420783	38	33	6	22	20	12	12	9	5	3	1	2	2	1.78	0.2	0
450549047	64	47	8	0	0	3.18476	30	30	27	21	17	14	22	12	2	1	3	5	1	0.85	0.04	0
451705965	64	55	5	0	0	4.934822	41	41	16	29	18	13	22	1	3	2	1	2	2	0.83	0.04	0
452394420	64	57	8	0	0	4.741099	52	33	18	22	18	13	18	6	1	2	3	12	1	0.85	0.04	0
453100831	64	52	2	0	0	4.22274	39	45	25	24	22	17	22	1	6	2	2	2	1	0.81	0.04	0
454174361	64	58	5	1	0	4.367176	25	35	15	30	24	12	22	10	3	2	1	2	1	0.88	0.04	0
454398092	64	60	4	0	1	3.892814	44	42	19	28	21	12	18	2	1	1	2	2	1	0.82	0.03	0
456535560	64	52	6	0	0	4.799348	39	36	21	33	18	15	22	7	8	5	2	1	1	0.95	0.03	0
456551961	64	60	2	0	0	2.035885	31	32	18	26	24	14	22	2	12	3	1	1	1	0.75	0.15	0
456913345	64	54	8	1	0	3.231014	40	37	17	34	17	14	20	2	5	7	2	1	1	0.89	0.04	0
457891337	64	60	2	0	0	4.504549	39	35	27	26	21	17	22	3	2	3	2	1	1	0.82	0.16	0
459600082	64	59	3	1	0	3.825876	40	36	23	27	20	16	20	3	1	3	1	1	1	0.71	0.15	0
461735751	64	59	2	0	0	4.366753	38	33	6	22	20	12	12	1	2	1	1	1	3	1.58	0.18	0
464092757	64	51	2	1	1	3.567403	40	41	8	29	24	13	12	1	3	5	1	1	1	0.76	0.15	0
474236824	64	60	3	1	0	4.629444	40	41	8	29	24	13	12	5	13	2	3	3	1	0.91	0.04	0
476301296	64	58	6	1	0	4.00841	47	31	17	33	15	14	20	2	4	1	1	3	1	0.84	0.16	0
477027871	64	60	3	0	0	4.904109	41	41	16	29	18	13	22	5	4	4	2	3	1	0.98	0.04	0
477946778	64	53	10	1	0	3.591814	27	30	24	26	16	13	20	3	1	1	2	2	1	0.8	0.04	0
480173816	64	42	3	0	0	2.057039	27	36	19	23	30	12	22	5	2	1	1	3	1	0.85	0.03	0
482545549	64	53	5	1	0	2.723937	43	37	20	29	18	15	22	2	8	2	1	3	1	0.89	0.03	0
484233987	64	57	4	0	0	4.184521	40	43	19	25	30	13	22	1	1	1	1	2	1	0.78	0.14	0
487569051	64	42	6	0	0	4.489042	39	38	23	28	15	12	18	5	1	9	1	1	1	0.82	0.03	0
490518962	64	52	8	1	0	4.494061	39	45	25	24	22	17	22	5	4	1	1	1	2	0.84	0.04	0
491377503	64	59	8	1	0	4.294609	40	40	14	34	23	11	14	1	3	2	3	1	1	0.81	0.15	0
494357419	64	50	4	1	0	4.027903	43	36	26	22	21	17	22	12	6	2	1	5	1	0.88	0.04	0
494688585	64	57	7	1	0	4.574344	41	39	20	27	22	12	18	4	5	3	1	1	1	0.85	0.04	0
495934751	64	60	5	1	0	4.348666	34	42	9	29	34	12	12	1	1	1	1	1	1	0.82	0.04	0
502561977	64	60	5	0	0	4.963254	40	40	14	33	22	12	18	2	1	1	3	1	1	0.82	0.14	0
507344104	64	60	2	0	0	4.785022	41	31	13	23	12	11	18	3	4	1	1	3	2	0.8	0.14	0
512076334	64	59	4	0	0	4.762293	37	50	15	31	19	13	22	2	7	3	1	1	1	0.77	0.16	0
513443780	64	60	14	0	0	4.123298	31	34	13	27	22	11	18	2	8	4	1	2	1	0.95	0.04	0
516656942	64	60	10	1	1	4.217306	34	42	9	29	34	12	12	3	4	4	1	2	1	0.88	0.04	0
519441926	64	60	4	1	0	4.901928	30	33	23	27	15	13	20	5	3	1	1	3	2	0.84	0.04	0
523695976	64	41	5	1	0	4.827781	37	30	14	28	13	10	14	4	1	3	2	1	1	0.86	0.14	0
527120973	64	56	12	1	0	4.939692	36	50	7	31	25	13	12	2	4	1	2	1	1	0.9	0.04	0
530384590	64	53	5	1	0	4.97775	37	30	14	28	13	10	14	3	4	1	2	1	2	1.77	0.2	0
532218596	64	59	6	1	0	4.471855	24	26	19	17	20	11	22	1	1	5	1	1	1	1.18	0.04	0.64
535417332	64	60	9	1	0	3.730636	48	31	25	25	22	15	22	3	1	1	1	2	1	0.83	0.04	0
536125191	64	60	3	1	0	4.771327	33	35	14	29	15	11	18	6	5	1	1	1	1	0.98	0.04	0
536928048	64	60	2	1	0	4.377609	39	35	27	26	21	17	22	7	1	5	2	2	2	0.91	0.04	0
538190348	64	56	3	0	0	3.078727	43	39	22	24	15	12	18	10	15	1	1	1	2	0.75	0.14	0
538214300	64	60	5	1	0	4.871258	46	42	14	31	15	12	18	11	13	5	1	5	1	0.89	0.04	0
541223169	64	60	6	1	0	3.993078	40	40	14	22	27	15	12	2	2	1	1	2	1	0.83	0.15	0
541533556	64	60	8	1	0	3.751484	46	32	16	33	14	12	18	9	3	2	2	1	1	0.9	0.04	0
542126967	64	60	4	0	0	4.851124	37	28	19	26	14	14	22	8	1	2	2	4	1	0.83	0.15	0
542279486	64	60	4	0	0	4.754509	43	36	26	22	21	17	22	6	2	1	1	2	1	0.98	0.04	0
542566288	64	55	2	0	0	3.357317	39	45	25	24	22	17	22	2	3	4	1	2	1	0.91	0.04	0
547196328	64	49	2	0	0	3.532997	37	40	12	25	13	11	18	1	2	2	2	1	1	0.78	0.16	0
547333117	64	46	3	0	0	2.604181	41	36	31	19	27	17	22	1	2	2	2	1	1	0.83	0.14	0
549004340	64	45	4	1	0	4.91736	41	41	16	29	18	13	22	6	2	2	2	2	1	0.91	0.03	0
550818134	64	60	7	0	0	4.960505	40	37	24	28	16	14	20	6	2	3	1	1	1	0.91	0.04	0
555825011	64	55	2	0	0	4.27316	36	49	13	24	28	15	12	3	1	1	2	4	1	0.93	0.04	0
557391230	64	53	2	0	0	4.219413	35	44	7	28	40	12	12	3	1	1	1	1	1	0.82	0.04	0
558567035	64	60	2	1	0	4.990173	24	30	23	15	18	15	22	3	3	3	1	1	1	0.9	0.04	0
561749849	64	60	5	1	0	3.87269	21	34	11	15	24	13	12	1	1	1	1	1	1	1.65	0.17	0
563676425	64	60	4	0	0	4.117187	39	38	23	29	16	11	14	12	1	2	1	1	3	0.78	0.14	0
564346210	64	54	2	1	0	4.107136	41	29	18	22	14	14	22	8	8	2	2	1	1	0.92	0.04	0
565549024	64	52	7	0	0	4.337862	27	29	23	25	20	15	20	10	2	7	1	2	1	0.82	0.04	0
567103197	64	39	8	1	0	2.866189	40	48	17	30	25	15	22	4	2	3	2	1	1	0.77	0.14	0
572821108	64	60	2	0	0	4.352074	39	41	21	26	24	13	22	1	1	4	2	1	1	0.89	0.03	0
574882910	64	60	2	0	0	3.974682	38	29	15	27	13	13	20	3	4	1	2	1	1	0.73	0.14	0
578536726	64	46	3	1	0	3.839777	39	47	20	25	20	14	18	5	4	1	1	3	1	0.82	0.04	0
579282299	64	46	3	0	0	4.396778	39	46	19	31	19	15	22	1	1	2	2	1	1	0.94	0.04	0
583571468	64	55	4	1	0	2.265701	46	40	19	30	17	15	22	12	2	3	1	2	1	0.86	0.03	0
584428194	64	54	4	1	0	3.453052	43	39	15	30	16	12	18	7	7	3	1	1	1	0.8	0.15	0
586193031	64	60	6	1	0	3.567184	39	46	26	25	18	15	22	3	7	1	1	2	2	0.83	0.04	0
587252458	64	48	5	0	0	4.966822	39	38	23	28	15	12	18	7	3	3	1	1	2	0.85	0.15	0
591967558	64	58	4	0	0	2.969744	39	46	19	31	19	15	22	1	10	4	1	2	3	0.71	0.13	0
593546753	64	57	7	1	0	4.455729	46	40	19	30	17	15	22	3	2	2	1	3	1	0.85	0.04	0
595658081	64	60	2	0	0	4.117539	34	42	16	23	33	12	12	1	2	2	1	6	2	0.85	0.16	0
598533279	64	54	6	0	0	4.625356	37	38	17	24	15	14	22	2	4	1	1	1	1	1.02	0.14	0.65
598624452	64	60	5	1	0	4.632003	39	29	23	19	20	14	22	1	1	4	1	1	1	0.83	0.04	0
599079953	64	43	17	1	0	4.523644	32	34	7	22	30	11	12	5	3	2	1	1	1	0.73	0.16	0
601398024	64	45	8	1	0	3.540199	41	29	18	22	14	14	22	5	6	1	1	2	1	1.21	0.03	0.69
606109313	64	46	7	1	0	4.875867	39	48	21	26	16	12	18	4	4	2	1	1	1	0.84	0.04	0
610725883	64	57	3	1	0	4.821638	43	44	7	30	23	13	12	3	8	3	1	4	1	0.82	0.16	0
613399852	64	50	3	0	0	4.70046	43	36	26	22	21	17	22	3	4	2	1	1	2	0.87	0.04	0
614030130	64	58	5	1	0	4.501971	43	44	7	30	23	13	12	14	9	6	1	2	1	0.96	0.04	0
615966521	64	59	2	0	0	2.219317	40	33	17	34	25	10	14	3	2	1	2	1	1	0.73	0.15	0
617800693	64	59	7	1	0	3.490562	26	26	14	20	14	11	22	4	10	1	1	1	1	0.77	0.14	0
618111826	64	60	16	0	0	3.457288	39	38	23	29	16	11	14	1	13	7	2	1	1	0.83	0.04	0
620844443	64	60	3	1	0	3.342791	28	25	18	31	25	12	20	3	4	1	1	2	1	0.93	0.03	0
626961254	64	58	7	0	0	2.576268	39	46	26	25	18	15	22	2	5	2	1	3	1	0.73	0.14	0
627281827	64	60	5	1	0	4.598627	37	39	23	26	21	15	22	12	1	3	1	2	1	0.83	0.04	0
630228449	64	60	5	1	0	4.63734	34	32	7	26	20	12	12	3	1	3	3	1	1	1.82	0.08	0
633351905	64	60	3	1	0	4.689002	41	31	13	23	12	11	18	4	3	4	1	2	1	0.95	0.04	0
634030461	64	60	5	0	0	4.279501	38	33	6	22	20	12	12	4	3	1	1	1	2	0.81	0.15	0
634496992	64	60	6	1	0	3.233238	24	30	23	15	18	15	22	1	1	2	1	2	1	0.7	0.14	0
636640506	64	58	7	1	0	4.912204	32	29	15	29	22	12	22	11	2	2	3	1	2	0.83	0.04	0
637329058	64	60	3	1	0	4.008091	43	36	26	22	21	17	22	7	3	1	1	5	1	0.97	0.04	0
637333131	64	49	6	1	0	4.574938	34	27	14	31	21	10	14	9	7	1	1	2	1	0.83	0.04	0
638090923	64	60	10	1	0	3.440019	36	39	15	26	27	15	12	1	1	2	2	4	1	0.86	0.04	0
639561898	64	56	2	1	0	4.528529	43	36	26	22	21	17	22	2	2	1	2	1	1	0.88	0.04	0
640441636	64	41	6	1	0	4.97774	39	33	14	22	14	12	22	1	8	1	1	1	1	1.79	0.08	0
641374692	64	57	4	1	0	4.980876	47	31	17	33	15	14	20	6	2	1	2	1	1	0.84	0.04	0
641760498	64	59	2	0	0	3.904606	28	29	38	11	26	16	22	2	1	4	1	2	1	0.83	0.04	0
641928281	64	51	2	0	0	4.837996	38	40	19	19	33	15	12	1	1	5	2	1	2	0.84	0.04	0
648466091	64	50	5	1	0	3.108752	40	37	17	34	17	14	20	10	2	1	1	1	1	0.79	0.15	0
648785550	64	49	4	0	0	4.099448	41	41	16	29	18	13	22	3	12	3	1	3	1	0.95	0.03	0
650306683	64	57	6	1	0	4.035211	34	42	9	29	34	12	12	1	1	4	2	3	1	0.85	0.04	0
651221639	64	60	3	1	0	4.418644	27	35	21	22	28	12	18	3	1	4	2	2	1	0.86	0.16	0
657801746	64	57	5	1	0	4.815058	43	37	20	29	18	15	22	4	8	1	1	1	1	0.9	0.04	0
661358428	64	60	9	1	0	4.377439	36	50	14	25	24	13	12	4	9	4	1	3	1	0.83	0.04	0
661434058	64	44	5	1	0	4.309807	39	46	19	31	19	15	22	1	3	2	1	1	3	0.9	0.04	0
661509489	64	58	7	1	0	4.079349	39	38	23	28	15	12	18	1	12	1	1	1	3	0.86	0.04	0
662726032	64	40	2	1	0	4.490366	43	38	5	26	11	8	10	2	1	1	2	12	12	0.86	0.03	0
663076029	64	59	13	0	0	4.512072	39	43	8	34	23	13	12	4	11	1	1	1	1	0.73	0.15	0
664458350	64	60	3	1	0	2.545414	29	36	14	26	24	12	22	2	1	4	1	6	1	0.82	0.14	0
668829017	64	52	7	1	0	4.514385	39	33	14	22	14	12	22	3	6	2	1	3	1	0.97	0.04	0
674328739	64	59	2	1	0	4.525824	37	42	7	32	30	13	12	1	2	1	3	1	1	0.78	0.16	0
677464106	64	60	4	1	0	4.787211	41	37	32	20	23	15	22	2	8	2	1	1	1	0.81	0.14	0
682687139	64	58	6	0	0	4.589996	37	40	17	33	18	13	22	3	2	2	1	1	1	0.92	0.03	0
684443581	64	38	4	0	0	4.119379	34	42	9	29	34	12	12	1	3	2	2	1	1	0.84	0.14	0
685102717	64	60	9	0	0	4.909934	20	27	15	20	24	10	22	5	3	2	1	1	1	0.95	0.04	0
686449103	64	60	14	0	0	3.792411	42	44	20	27	23	13	22	3	2	5	2	2	1	0.87	0.04	0
686831404	64	55	3	1	0	2.58561	39	37	22	27	19	14	18	1	3	5	2	2	1	0.82	0.13	0
687540015	64	57	4	1	0	2.649417	46	32	16	33	14	12	18	12	5	2	1	1	1	0.79	0.03	0
690674222	64	58	4	0	0	4.624295	41	41	16	29	18	13	22	10	7	1	1	2	1	0.83	0.04	0
694037153	64	58	4	1	0	4.947245	37	35	10	32	32	12	12	3	1	3	4	1	1	0.75	0.14	0
695170600	64	50	7	1	0	3.772748	32	35	22	24	29	14	22	3	12	2	2	1	2	0.83	0.03	0
696200592	64	52	4	1	0	4.038514	41	41	16	29	18	13	22	5	5	2	1	2	1	0.96	0.04	0
697218243	64	57	5	1	0	3.646213	43	36	26	22	21	17	22	4	2	4	1	3	1	0.92	0.04	0
703488249	64	60	9	0	0	4.798552	43	38	21	23	19	14	18	7	2	2	1	1	2	0.77	0.14	0
704010804	64	59	3	1	0	4.526999	41	41	16	29	18	13	22	1	2	5	1	2	1	0.86	0.14	0
704374855	64	49	2	0	0	4.065906	44	39	18	28	24	15	22	1	6	1	1	1	3	0.88	0.04	0
705632240	64	53	14	1	0	4.96811	44	39	18	28	24	15	22	2	3	1	1	4	1	0.96	0.04	0
709039273	64	47	5	0	0	3.786316	37	52	5	30	31	13	12	5	2	1	1	1	1	0.75	0.14	0
709584886	64	60	4	0	0	4.115079	37	40	16	30	26	11	18	2	3	3	1	1	1	0.73	0.16	0
713610419	64	57	2	1	0	3.618887	27	33	21	14	26	14	12	3	4	6	2	1	3	0.93	0.04	0
713639463	64	60	6	1	0	4.177608	40	38	19	32	24	15	22	11	1	3	1	1	1	0.92	0.04	0
715457660	64	60	6	0	0	3.791162	41	41	16	29	18	13	22	3	2	2	1	2	2	0.77	0.14	0
717486719	64	59	4	1	0	2.783105	36	40	9	33	24	13	12	2	5	4	2	2	1	0.8	0.14	0
718085140	64	52	5	1	0	2.154946	47	31	17	33	15	14	20	14	2	1	1	2	2	0.83	0.04	0
718578070	64	60	7	0	0	2.856634	39	36	21	33	18	15	22	2	1	3	3	1	1	0.87	0.04	0
721451033	64	51	3	1	0	4.51604	46	32	16	33	14	12	18	4	4	1	2	1	1	0.93	0.04	0
722982868	64	49	5	0	0	4.413424	37	40	17	33	18	13	22	3	5	9	1	1	1	0.85	0.04	0
724301094	64	54	5	0	0	3.945709	40	37	17	34	17	14	20	12	1	8	1	1	1	0.79	0.14	0
726807566	64	36	14	1	0	4.596717	43	39	15	30	16	12	18	1	2	4	1	3	1	0.84	0.04	0
732323069	64	53	3	1	0	4.877864	36	40	9	33	24	13	12	2	4	3	1	2	1	0.97	0.04	0
732752433	64	45	3	0	1	4.843702	41	41	23	23	17	13	22	2	7	2	1	2	1	0.82	0.04	0
737868926	64	53	9	0	0	3.587033	39	38	23	29	16	11	14	4	2	2	4	1	1	0.85	0.04	0
737933413	64	60	7	0	0	3.321212	39	36	21	33	18	15	22	1	3	5	1	1	1	0.89	0.03	0
738752781	64	53	5	1	0	4.156634	40	41	8	29	24	13	12	6	9	3	1	3	1	0.73	0.15	0
739709008	64	51	6	1	0	3.782523	37	45	8	30	33	12	12	1	3	7	1	1	1	0.97	0.04	0
742167717	64	57	3	0	0	4.963287	41	43	6	28	30	13	12	12	4	5	1	1	1	0.92	0.04	0
745023404	64	60	4	1	0	4.777708	36	39	15	26	27	15	12	2	2	3	2	1	1	0.74	0.15	0
745189579	64	60	5	0	0	4.24709	37	30	14	27	12	11	18	3	5	1	1	1	1	0.82	0.04	0
748520214	64	44	3	1	0	4.037304	37	40	17	33	18	13	22	12	7	7	4	2	2	0.97	0.04	0
753508398	64	60	5	0	0	4.441417	36	49	13	24	28	15	12	2	4	3	1	1	2	0.9	0.04	0
757758421	64	57	2	0	0	4.040713	41	31	13	23	12	11	18	5	1	1	1	2	1	0.95	0.03	0
758111113	64	57	5	1	0	4.314754	40	37	17	34	17	14	20	7	1	3	1	2	1	0.8	0.15	0
758334118	64	60	8	1	0	4.255121	39	46	26	25	18	15	22	4	2	1	1	1	1	0.85	0.04	0
761802016	64	55	6	0	0	3.217441	40	37	24	28	16	14	20	7	3	1	1	1	1	0.91	0.04	0
762547093	64	56	7	1	0	4.761226	38	42	15	32	24	13	22	1	1	3	3	1	1	0.74	0.16	0
762908323	64	60	7	1	0	4.262057	40	41	8	29	24	13	12	6	2	2	1	4	1	0.93	0.04	0
766096438	64	60	7	0	0	3.87772	39	35	27	26	21	17	22	7	1	1	2	1	2	0.73	0.15	0
766465828	64	60	5	1	0	4.684163	35	44	7	28	40	12	12	2	4	5	1	2	1	0.8	0.15	0
768522587	64	57	4	1	0	3.234287	37	50	22	25	18	13	22	1	2	1	1	1	1	0.81	0.03	0
771344081	64	45	12	1	0	4.641417	43	36	26	22	21	17	22	3	8	4	1	1	1	0.85	0.04	0
772002605	64	48	7	1	0	4.816947	31	33	19	20	25	13	18	2	8	1	2	1	2	0.75	0.16	0
774999926	64	60	3	1	0	3.5051	36	50	7	31	25	13	12	3	3	2	1	4	1	0.84	0.15	0
783630108	64	60	4	0	0	4.140429	41	40	22	22	21	15	22	6	2	1	2	1	2	0.86	0.04	0
785357720	64	53	4	1	0	4.164077	44	40	24	27	23	15	22	5	3	2	1	4	1	0.84	0.16	0
785804983	64	55	7	0	0	4.034852	24	33	24	25	17	12	22	2	1	4	2	2	2	0.84	0.04	0
786617130	64	51	3	1	0	4.32232	41	31	13	23	12	11	18	5	2	3	1	1	3	0.82	0.04	0
788905631	64	45	10	0	0	4.964082	21	25	14	18	19	11	12	2	7	3	1	1	2	0.85	0.04	0
793067526	64	55	6	0	0	2.984838	36	49	13	24	28	15	12	11	11	2	1	2	1	0.93	0.04	0
799677610	64	60	6	0	0	4.657962	35	32	14	23	22	10	18	1	1	1	2	1	1	0.87	0.03	0
801358750	64	54	6	0	0	4.150918	36	49	13	24	28	15	12	2	1	2	1	5	1	0.94	0.04	0
801879791	64	60	3	0	1	4.041144	36	40	9	33	24	13	12	2	5	8	1	1	1	0.89	0.04	0
802173644	64	60	12	0	0	4.640685	43	34	9	32	22	13	12	17	4	2	1	1	3	0.72	0.14	0
809203671	64	60	4	0	0	3.62031	40	40	14	33	22	12	18	1	6	4	2	1	2	0.78	0.14	0
810302568	64	40	9	0	0	4.146108	41	36	31	19	27	17	22	4	1	3	1	1	1	0.93	0.04	0
810773056	64	49	3	0	0	3.041219	38	52	13	30	25	13	22	3	3	6	1	1	2	0.76	0.15	0
812495525	64	53	4	1	0	4.961164	24	30	34	14	30	15	22	5	1	7	2	2	1	0.93	0.04	0
815576181	64	40	5	1	0	3.841571	41	29	18	22	14	14	22	5	6	1	1	2	1	1.21	0.04	0.69
816704763	64	52	11	0	0	4.910669	43	39	22	24	15	12	18	3	4	1	1	1	2	0.96	0.04	0
818224605	64	45	4	1	0	3.403909	33	34	15	22	24	11	22	1	1	9	2	3	1	0.89	0.04	0
819259494	64	48	5	1	0	4.247418	36	50	7	31	25	13	12	2	2	1	1	1	1	0.85	0.03	0
826210939	64	60	5	0	0	4.399237	48	32	19	24	24	15	22	2	9	1	3	12	1	0.92	0.04	0
826373557	64	48	5	1	0	4.113652	38	33	6	22	20	12	12	12	8	1	2	2	1	0.73	0.15	0
827092896	64	60	4	0	0	4.371323	49	35	11	21	26	14	12	6	1	1	2	12	1	0.93	0.04	0
829390548	64	60	5	0	0	4.535748	37	37	27	22	31	16	22	7	3	2	1	1	1	0.85	0.04	0
838470398	64	60	9	0	0	4.508726	40	40	14	22	27	15	12	12	6	1	1	3	1	0.88	0.04	0
840716843	64	54	4	1	0	4.890954	46	32	16	33	14	12	18	7	4	4	3	2	1	0.85	0.16	0
841224765	64	51	3	1	0	4.375132	41	41	16	29	18	13	22	8	2	1	2	1	2	0.83	0.04	0
842244033	64	58	4	1	0	4.572598	25	35	15	30	24	12	22	6	1	3	2	2	1	0.89	0.04	0
843783168	64	59	13	1	0	4.890184	37	38	21	29	28	14	22	1	1	3	2	1	1	0.86	0.04	0
848328326	64	50	2	1	0	2.433476	24	31	17	22	15	13	22	1	5	3	2	1	1	0.8	0.04	0
850883154	64	55	2	0	0	3.693	29	31	29	16	33	16	22	1	1	10	2	1	2	0.81	0.03	0
852212680	64	52	3	1	0	3.459508	39	48	21	26	16	12	18	3	3	3	2	1	1	0.82	0.04	0
854331075	64	57	2	0	0	4.897884	43	37	20	29	18	15	22	1	4	4	2	1	1	0.77	0.15	0
855430009	64	52	6	0	0	3.603208	39	45	25	24	22	17	22	3	1	3	1	5	1	0.89	0.03	0
855942833	64	48	5	1	1	4.675775	34	41	15	22	37	14	12	5	1	2	3	3	1	0.84	0.04	0
862754279	64	59	2	0	0	4.978133	39	37	22	28	20	13	14	1	5	1	2	1	1	0.83	0.04	0
864491161	64	41	3	1	0	4.972639	39	37	22	28	20	13	14	3	3	3	2	1	1	0.87	0.16	0
871606795	64	60	3	1	0	4.780786	39	37	22	27	19	14	18	4	3	9	2	1	1	0.93	0.04	0
872908329	64	57	8	1	0	4.833653	37	38	21	29	28	14	22	1	7	3	1	1	1	0.93	0.04	0
874247441	64	60	7	0	0	4.301466	40	33	17	33	24	11	18	4	3	3	3	2	1	0.85	0.16	0
879211985	64	59	6	0	0	4.776732	35	42	24	23	27	12	22	2	2	1	2	1	1	0.77	0.16	0
883428582	64	60	4	0	0	3.639678	37	45	8	30	33	12	12	1	1	2	1	2	3	0.78	0.16	0
885389820	64	52	4	0	0	4.526774	39	40	27	19	27	15	22	1	1	1	2	1	1	0.79	0.15	0
888081254	64	60	7	0	1	4.492944	37	49	21	24	22	15	22	2	1	2	1	1	1	0.97	0.04	0
888170657	64	60	3	1	0	3.401486	35	44	7	28	40	12	12	2	1	10	1	1	2	0.96	0.04	0
888613986	64	60	13	1	0	3.202595	47	31	17	33	15	14	20	6	2	3	3	1	1	0.72	0.14	0
891450423	64	60	3	0	0	3.614071	41	40	22	22	21	15	22	1	6	2	1	2	1	0.77	0.14	0
892037923	64	60	3	1	0	4.931847	34	42	16	23	33	12	12	4	7	2	2	1	1	0.88	0.04	0
892749730	64	60	3	0	0	4.481452	38	42	15	32	24	13	22	1	1	1	1	1	1	0.95	0.04	0
896716268	64	60	7	1	0	4.097935	41	44	12	27	29	13	12	5	2	1	1	1	1	0.81	0.04	0
902512235	64	59	8	1	1	4.502332	39	41	21	26	24	13	22	1	1	4	1	3	2	0.98	0.04	0
902561615	64	43	4	0	0	3.680784	38	40	19	28	34	14	22	6	2	6	1	2	1	0.86	0.04	0
902766450	64	60	5	1	0	4.40469	39	38	23	28	15	12	18	5	1	4	1	2	1	0.85	0.14	0
903513327	64	60	7	1	0	2.80283	39	46	26	25	18	15	22	4	5	4	1	2	1	0.71	0.14	0
906894742	64	57	4	1	0	3.526244	35	42	13	24	15	12	22	1	7	1	1	1	1	1.7	0.17	0
910358962	64	60	3	1	0	4.752408	39	36	21	33	18	15	22	4	1	1	2	2	3	0.86	0.15	0
920791528	64	60	3	0	0	4.658971	27	40	23	21	28	16	22	3	1	10	3	2	1	0.82	0.14	0
925014547	64	60	2	0	0	4.101977	26	26	14	20	14	11	22	3	4	3	1	3	2	0.97	0.03	0
928204937	64	47	4	0	0	3.41814	36	49	13	24	28	15	12	1	2	4	1	1	1	0.84	0.03	0
937858330	64	60	8	1	0	4.465294	41	39	20	27	22	12	18	2	1	5	1	2	1	0.91	0.04	0
938484374	64	60	5	0	0	4.842117	35	42	24	23	27	12	22	5	3	1	1	3	2	0.92	0.04	0
943888907	64	58	6	1	0	2.731564	46	32	16	33	14	12	18	9	3	2	1	1	1	0.81	0.03	0
945158605	64	60	6	1	0	4.608209	37	40	17	33	18	13	22	3	4	4	1	2	1	0.75	0.16	0
947096728	64	60	5	1	0	3.394778	37	49	21	24	22	15	22	3	2	3	5	1	1	0.83	0.04	0
948860463	64	60	10	1	0	3.188366	28	22	18	20	14	13	22	8	5	2	1	1	1	0.83	0.14	0
949043344	64	60	2	1	0	3.831805	39	48	14	32	17	12	18	1	7	4	1	2	1	0.82	0.15	0
952200758	64	60	3	1	0	3.930661	39	37	22	28	20	13	14	7	1	4	2	2	4	0.93	0.04	0
952322196	64	60	6	1	0	4.320655	46	35	21	25	22	13	22	5	2	1	1	1	1	0.78	0.15	0
955568745	64	59	3	1	0	4.80123	37	40	17	33	18	13	22	1	1	6	1	2	1	0.77	0.15	0
956921404	64	47	4	1	0	2.053801	42	44	20	27	23	13	22	6	2	2	1	2	1	0.79	0.03	0
958981329	64	52	7	0	0	4.962899	43	37	27	23	17	15	22	2	3	2	1	3	1	0.97	0.04	0
959955497	64	60	12	0	0	4.980672	31	26	23	23	19	14	22	6	8	4	2	2	1	0.76	0.16	0
962270768	64	60	6	0	0	4.536581	43	39	15	30	16	12	18	1	6	1	1	3	1	0.74	0.16	0
968022690	64	53	9	1	0	4.6155	37	37	27	22	31	16	22	5	3	3	1	2	1	0.95	0.04	0
968560283	64	59	12	1	0	3.846411	52	35	14	24	14	14	22	12	2	1	4	16	1	0.71	0.16	0
969097114	64	57	8	0	0	4.7536	25	44	19	21	28	14	22	3	2	1	1	3	1	0.82	0.14	0
970321206	64	54	4	1	0	4.625957	29	37	20	25	23	12	22	9	3	2	3	5	1	0.85	0.16	0
974668927	64	60	6	1	0	3.935069	29	36	26	18	26	14	22	5	2	5	2	2	1	0.93	0.03	0
976717506	64	58	3	1	0	4.654716	40	38	19	32	24	15	22	3	2	1	2	1	1	0.97	0.04	0
984098405	64	47	3	0	0	4.540294	30	27	9	30	22	12	12	10	2	1	2	2	3	0.94	0.04	0
986965145	64	60	4	0	0	4.687766	41	41	23	23	17	13	22	3	4	1	1	2	1	0.82	0.14	0
988745587	64	60	2	1	0	3.672202	34	42	9	29	34	12	12	1	1	4	1	1	1	0.95	0.04	0
989005699	64	60	4	0	0	4.788728	34	42	5	24	21	12	12	2	3	3	1	1	1	0.85	0.15	0
992419798	64	60	4	0	0	3.982803	41	37	32	20	23	15	22	1	2	1	1	1	1	0.83	0.04	0
993706207	64	60	6	0	0	4.722044	37	33	19	19	20	12	22	3	1	1	1	1	1	0.93	0.04	0
995194671	64	43	3	1	0	4.665549	43	34	9	32	22	13	12	5	1	1	2	1	1	0.76	0.16	0
997848832	64	45	3	1	0	4.535787	37	40	23	24	25	11	18	2	2	1	2	1	2	0.86	0.15	0
997984479	64	60	6	0	0	4.823586	39	48	21	26	16	12	18	2	3	1	3	3	1	0.97	0.04	0
998470902	64	60	11	0	0	4.730329	39	48	14	32	17	12	18	1	4	1	1	1	2	0.98	0.03	0
999897920	64	54	7	1	0	2.533523	36	50	7	31	25	13	12	2	9	2	1	2	1	0.8	0.03	0
1001070883	64	60	5	1	0	4.882463	41	37	25	26	24	15	22	6	9	3	1	1	1	0.88	0.04	0
1002138456	64	57	11	0	0	4.230705	39	33	14	22	14	12	22	1	3	1	3	4	1	1.23	0.04	0.67
1003189465	64	60	11	0	0	2.547595	38	41	13	26	30	13	12	2	1	2	1	1	1	0.8	0.13	0
1004576387	64	57	10	0	0	4.915923	40	50	12	31	23	12	18	1	1	7	1	2	1	0.87	0.04	0
1007657602	64	36	5	0	0	4.311219	28	32	22	25	22	13	20	8	5	1	1	2	1	0.8	0.14	0
1008479439	64	60	9	1	0	4.044759	39	48	14	32	17	12	18	1	1	2	1	1	1	0.79	0.15	0
1010000338	64	60	6	1	0	3.394998	36	50	14	25	24	13	12	1	8	5	1	2	1	0.94	0.03	0
1011457927	64	60	10	1	0	4.725798	41	40	22	22	21	15	22	2	12	1	1	3	1	0.94	0.03	0
1012145504	64	57	4	1	0	4.857013	41	40	22	22	21	15	22	6	13	1	1	3	1	0.91	0.04	0
1014485776	64	60	11	1	0	4.823536	39	46	19	31	19	15	22	2	2	1	1	1	1	0.85	0.04	0
1022093774	64	58	4	1	0	4.832592	36	40	16	27	23	13	12	5	2	7	1	1	1	0.82	0.03	0
1023663066	64	55	5	1	0	4.748363	35	41	23	22	31	14	22	2	6	2	1	1	1	0.89	0.04	0
1024145228	64	60	3	1	0	3.086157	37	40	17	33	18	13	22	3	1	1	1	1	1	0.7	0.13	0
1032981486	64	60	2	0	0	4.920358	24	28	10	30	32	11	12	3	1	1	1	1	1	0.77	0.15	0
1033831339	64	58	6	0	0	4.430085	43	37	20	29	18	15	22	3	10	4	1	1	3	0.88	0.04	0
1043054563	64	55	6	1	0	2.769	37	38	21	29	28	14	22	11	4	1	1	1	1	0.86	0.04	0
1044343552	64	57	6	1	0	2.128351	23	42	20	16	27	14	12	8	5	2	2	3	1	0.89	0.04	0
1046112811	64	60	4	1	0	2.342384	39	47	20	25	20	14	18	3	2	2	1	2	1	0.93	0.04	0
1049062148	64	47	6	1	0	4.28761	36	50	7	31	25	13	12	1	7	4	2	1	1	0.97	0.04	0
1049670313	64	60	3	1	0	2.944095	25	33	19	17	33	14	12	2	6	1	1	2	1	0.82	0.15	0
1053059508	64	46	5	0	0	4.735601	39	41	28	20	23	13	22	1	2	1	2	2	1	0.85	0.04	0
1054278836	64	60	8	1	0	4.276159	41	32	18	33	25	13	20	3	6	4	2	1	2	0.85	0.15	0
1056752031	64	54	4	0	0	4.663455	41	39	27	21	21	12	18	1	1	3	1	1	1	0.87	0.04	0
1060611295	64	57	6	0	0	3.801632	39	41	21	26	24	13	22	2	2	7	1	1	1	0.96	0.03	0
1062542197	64	59	3	0	0	3.624981	41	41	16	29	18	13	22	1	12	2	1	1	1	0.76	0.15	0
1065033304	64	60	3	0	0	4.894064	35	42	24	23	27	12	22	4	5	4	1	3	2	0.88	0.04	0
1068059113	64	58	4	1	0	2.656242	41	41	16	29	18	13	22	6	5	3	2	3	1	0.9	0.03	0
1077785103	64	60	9	0	0	4.96455	36	40	9	33	24	13	12	3	3	1	2	3	1	0.91	0.04	0
1080436223	64	56	3	1	0	4.995001	43	37	20	29	18	15	22	3	5	3	2	2	3	0.84	0.04	0
1081249036	64	41	6	0	0	4.995152	25	44	19	21	28	14	22	2	7	3	1	1	1	0.84	0.04	0
1088631158	64	60	4	0	0	4.737231	30	32	22	22	15	11	18	7	6	2	1	4	2	0.94	0.04	0
1091604975	64	43	4	0	0	4.279294	34	42	9	29	34	12	12	5	2	2	1	2	1	0.78	0.16	0
1091621023	64	55	7	1	0	4.06659	39	38	23	28	15	12	18	1	1	5	2	1	2	0.76	0.15	0
1095121033	64	60	4	1	0	4.018278	43	39	22	24	15	12	18	2	10	3	1	3	3	0.78	0.15	0
1099097625	64	54	4	1	0	4.654107	23	33	16	25	23	12	12	3	4	2	1	2	1	0.81	0.14	0
1099670723	64	52	10	1	0	4.78248	36	50	7	31	25	13	12	6	7	3	1	3	1	0.91	0.04	0
1105878421	64	55	5	1	0	4.673573	22	25	22	18	13	11	22	5	1	3	1	1	1	0.96	0.04	0
1110184143	64	60	8	0	0	3.318605	40	36	22	25	32	12	22	1	1	2	1	1	1	0.92	0.04	0
1113505773	64	49	8	1	0	4.922901	38	33	6	22	20	12	12	11	2	6	1	2	1	0.75	0.16	0
1113827518	64	56	6	0	0	3.921231	43	38	5	26	11	8	10	3	5	5	1	12	12	0.86	0.04	0
1117005626	64	60	6	1	0	4.130892	41	37	25	26	24	15	22	2	2	1	4	1	1	0.86	0.04	0
1118616717	64	52	5	0	0	4.708604	36	40	16	27	23	13	12	3	3	8	1	1	1	0.94	0.04	0
1120131776	64	59	8	0	0	4.215821	43	39	15	30	16	12	18	1	6	1	1	1	1	0.83	0.04	0
1120442919	64	42	8	1	0	4.290421	40	37	17	34	17	14	20	1	3	1	1	2	1	0.87	0.04	0
1120901845	64	53	9	1	0	4.526652	41	44	12	27	29	13	12	6	1	1	1	1	2	0.81	0.16	0
1123415512	64	60	5	1	0	4.249207	39	38	23	29	16	11	14	4	3	1	1	1	1	0.98	0.04	0
1124480809	64	56	2	0	0	4.643022	23	32	22	18	26	14	12	4	7	3	1	2	1	0.9	0.04	0
1124579004	64	60	12	0	0	3.56436	50	32	14	30	13	12	14	7	3	10	4	12	2	0.7	0.15	0
1125690054	64	47	8	1	0	2.296504	43	39	15	30	16	12	18	4	13	2	2	2	2	0.92	0.04	0
1126563573	64	50	12	1	0	3.78705	43	40	16	35	16	14	20	6	1	5	1	2	1	0.74	0.14	0
1131326276	64	53	6	1	0	3.182764	40	40	14	33	22	12	18	3	1	2	1	2	1	0.84	0.04	0
1133254303	64	52	2	1	0	3.789046	42	43	14	28	24	13	22	6	9	7	1	3	1	0.94	0.04	0
1135481352	64	57	5	0	0	4.786825	39	37	22	28	20	13	14	1	4	2	1	1	3	0.78	0.14	0
1138250635	64	60	7	0	0	4.930395	36	50	7	31	25	13	12	5	4	3	1	1	1	0.92	0.04	0
1142235541	64	60	13	0	0	4.833204	39	35	27	26	21	17	22	7	2	1	2	1	1	0.73	0.14	0
1142550347	64	51	2	0	0	4.712639	40	40	14	22	27	15	12	1	1	1	1	1	1	0.88	0.04	0
1144670261	64	42	3	1	0	2.298106	46	42	14	31	15	12	18	5	1	2	2	2	1	0.92	0.04	0
1146353352	64	55	3	1	0	4.799939	43	36	26	22	21	17	22	1	2	1	1	3	1	0.95	0.04	0
1148814639	64	60	11	1	0	3.071665	38	42	15	32	24	13	22	1	1	1	2	2	1	0.82	0.04	0
1171124960	64	60	6	0	0	3.367989	37	50	15	31	19	13	22	3	5	5	1	1	1	0.92	0.04	0
1172669855	64	41	5	0	0	2.971951	39	43	8	34	23	13	12	5	10	1	1	7	1	0.81	0.15	0
1178950349	64	55	6	1	0	4.555368	26	40	20	23	20	13	18	1	1	2	1	3	1	0.86	0.04	0
1183764028	64	56	12	1	0	3.482013	41	41	23	23	17	13	22	10	5	8	1	2	1	0.81	0.04	0
1187866540	64	60	5	1	0	3.253631	41	41	16	29	18	13	22	12	2	1	1	5	1	0.71	0.14	0
1188226789	64	58	5	1	0	4.554779	26	30	22	25	19	13	18	4	1	1	1	1	1	0.93	0.03	0
1188563393	64	51	2	1	0	3.902407	32	34	7	22	30	11	12	5	3	2	1	1	1	0.72	0.16	0
1189043690	64	60	5	0	0	4.503579	28	23	19	14	15	12	18	2	4	5	2	1	1	0.92	0.04	0
1192837795	64	60	2	1	0	4.843287	39	36	28	27	17	15	22	6	5	4	1	1	4	0.79	0.16	0
1193715568	64	52	5	1	0	4.666187	39	29	23	19	20	14	22	6	2	1	1	1	1	0.84	0.04	0
1198460169	64	60	2	1	0	3.444166	36	49	13	24	28	15	12	1	2	2	3	1	2	0.84	0.04	0
1199462090	64	59	4	1	1	4.785762	52	31	23	21	20	16	22	6	7	1	2	13	1	0.85	0.04	0
1205731145	64	51	2	0	0	4.932127	26	28	27	24	21	16	22	7	2	1	1	2	1	0.73	0.16	0
1207876947	64	60	2	0	0	4.985247	36	39	15	26	27	15	12	7	1	1	1	1	1	0.76	0.14	0
1208016693	64	58	8	1	0	4.655728	36	33	11	19	26	12	12	7	1	1	1	2	1	0.89	0.04	0
1214217003	64	60	11	1	0	2.608586	50	35	19	21	20	14	22	7	5	6	2	12	1	0.8	0.03	0
1219244143	64	51	13	1	0	3.323631	25	23	17	23	20	13	22	5	1	2	1	1	1	0.8	0.03	0
1219785892	64	58	5	0	1	2.193758	28	24	13	21	12	10	18	2	1	1	1	4	1	0.8	0.03	0
1221218496	64	57	6	1	0	2.790367	41	41	16	29	18	13	22	5	5	2	1	2	1	0.94	0.04	0
1221488431	64	58	7	0	0	4.670516	45	36	7	24	30	13	12	3	2	2	2	13	1	0.92	0.04	0
1223290408	64	47	5	0	0	4.518796	27	29	23	25	20	15	20	5	1	1	1	1	1	0.92	0.04	0
1223338445	64	60	4	0	0	4.308329	43	36	26	22	21	17	22	4	1	6	1	4	1	0.89	0.04	0
1223787839	64	60	4	1	0	4.786334	27	32	20	25	26	12	14	1	1	1	2	1	1	0.83	0.04	0
1225620318	64	60	9	0	0	4.381103	39	35	27	26	21	17	22	10	2	1	1	1	1	0.94	0.03	0
1226073254	64	57	4	1	0	4.831006	41	40	22	22	21	15	22	2	1	4	1	1	1	0.75	0.15	0
1228683192	64	60	6	0	0	3.745761	36	39	15	26	27	15	12	11	1	5	1	1	1	0.84	0.04	0
1235517295	64	60	14	0	0	4.231425	43	36	26	22	21	17	22	5	2	1	1	4	1	0.84	0.04	0
1237414082	64	60	3	1	0	3.648777	29	36	14	26	24	12	22	1	5	1	1	2	1	0.91	0.04	0
1241097287	64	59	9	1	0	3.801397	28	29	38	11	26	16	22	9	7	1	1	1	1	0.92	0.04	0
1247842660	64	59	11	0	0	4.499657	41	31	13	23	12	11	18	3	1	2	1	2	1	1.13	0.04	0.63
1248695971	64	60	3	0	0	4.211322	39	38	16	34	16	12	18	11	3	6	1	1	1	0.88	0.04	0
1249989100	64	49	6	1	0	3.902268	43	39	22	24	15	12	18	2	3	2	1	3	1	0.93	0.03	0
1254699213	64	43	2	1	0	4.836266	39	36	21	33	18	15	22	4	4	8	1	1	1	0.74	0.14	0
1255634181	64	60	5	1	0	3.740685	34	42	5	24	21	12	12	1	4	2	1	2	1	0.86	0.03	0
1256624124	64	55	7	1	0	4.125794	41	29	18	22	14	14	22	1	6	1	1	6	1	0.81	0.16	0
1256832265	64	40	10	1	0	3.348506	39	36	28	27	17	15	22	5	2	2	1	1	1	0.85	0.03	0
1257476715	64	59	5	0	0	4.962511	39	45	25	24	22	17	22	1	4	5	1	2	2	0.86	0.16	0
1261154608	64	50	13	0	0	3.405346	52	31	23	21	20	16	22	10	6	3	2	12	1	0.93	0.04	0
1262982361	64	48	8	1	0	4.133029	27	35	25	16	33	14	22	1	2	4	1	2	2	0.96	0.04	0
1264121206	64	60	5	0	0	3.226865	35	42	17	29	28	12	22	2	10	8	1	1	1	0.91	0.04	0
1266549799	64	58	5	1	0	4.106789	24	33	23	22	25	10	18	2	1	1	1	4	1	0.82	0.04	0
1267571341	64	59	4	0	0	3.834161	41	37	25	26	24	15	22	1	1	1	1	1	1	0.89	0.04	0
1268038309	64	47	6	1	0	4.042267	41	44	17	24	25	22	34	2	1	2	3	1	1	0.79	0.15	0
1273718977	64	56	4	1	0	3.533207	40	37	24	28	16	14	20	2	5	3	2	2	1	0.83	0.03	0
1277099122	64	60	3	1	0	4.705107	37	49	21	24	22	15	22	1	3	1	2	1	1	0.93	0.04	0
1277849308	64	58	6	1	0	3.947707	40	41	8	29	24	13	12	9	8	4	1	3	1	0.85	0.14	0
1279804997	64	52	5	0	0	4.52653	36	39	15	26	27	15	12	4	5	2	1	2	1	0.82	0.04	0
1279814170	64	60	6	1	0	4.992035	36	40	16	27	23	13	12	1	7	2	1	1	1	0.98	0.04	0
1292588255	64	56	5	1	0	4.554819	39	38	16	34	16	12	18	2	2	2	1	1	1	0.9	0.03	0
1292870926	64	56	3	1	0	3.343496	40	37	24	28	16	14	20	1	12	2	1	2	1	0.9	0.04	0
1296854884	64	60	3	1	0	4.821638	39	48	14	32	17	12	18	5	6	1	2	2	1	0.9	0.04	0
1298656706	64	53	7	0	0	4.741535	37	38	21	29	28	14	22	4	3	12	1	1	1	0.95	0.04	0
1303463837	64	51	9	1	0	4.192352	39	41	28	20	23	13	22	2	8	2	1	1	2	0.91	0.03	0
1303543503	64	48	4	1	0	4.514271	39	38	23	28	15	12	18	12	3	1	1	2	2	0.91	0.04	0
1306333250	64	57	5	0	0	4.766022	39	38	16	35	17	11	14	12	1	2	2	1	1	0.96	0.04	0
1307277958	64	59	2	0	0	3.457658	46	40	19	30	17	15	22	3	9	2	3	2	3	0.86	0.04	0
1311921110	64	59	4	1	0	4.87983	39	37	22	28	20	13	14	12	4	1	3	3	4	0.81	0.15	0
1312156087	64	53	3	0	0	4.723638	40	40	14	22	27	15	12	12	3	1	1	1	1	0.82	0.04	0
1315097395	64	55	4	1	0	2.568968	26	40	27	17	19	13	18	2	6	1	1	3	1	0.81	0.15	0
1315836029	64	58	11	0	0	4.828265	24	22	20	18	15	12	18	2	1	2	1	1	2	0.84	0.15	0
1318524252	64	48	12	0	0	4.178649	41	31	13	23	12	11	18	12	2	5	1	6	1	0.74	0.15	0
1319787468	64	60	7	1	0	4.699415	37	52	5	30	31	13	12	2	3	6	4	1	1	0.82	0.15	0
1320606278	64	60	5	0	0	4.139286	27	43	12	29	23	11	18	2	3	6	2	5	1	0.73	0.16	0
1326305273	64	60	4	1	0	3.885684	33	25	16	31	14	11	18	18	1	3	1	6	2	0.77	0.16	0
1327445008	64	56	7	1	0	3.701274	39	36	28	27	17	15	22	3	1	2	2	1	1	0.8	0.15	0
1328530829	64	60	5	0	0	4.536304	45	35	13	25	28	13	12	5	7	2	1	1	1	0.87	0.04	0
1328726015	64	60	9	1	0	2.827857	54	33	13	25	12	13	18	2	1	2	2	14	1	0.9	0.04	0
1329240354	64	60	3	0	1	3.193504	37	38	21	29	28	14	22	2	1	2	1	1	1	0.8	0.15	0
1330556227	64	60	4	1	0	3.779985	41	37	25	26	24	15	22	2	1	3	1	1	1	0.9	0.03	0
1331363489	64	57	4	1	0	2.95742	48	32	19	24	24	15	22	2	3	5	4	12	1	0.76	0.14	0
1335652888	64	42	4	1	0	3.82684	41	31	13	23	12	11	18	12	1	1	1	1	1	1.14	0.03	0.64
1335815490	64	60	3	0	0	3.214172	33	34	15	22	24	11	22	1	4	1	1	1	1	0.83	0.04	0
1336747125	64	55	4	1	0	3.002863	37	40	17	33	18	13	22	12	5	7	1	1	1	0.9	0.04	0
1341737317	64	58	9	1	0	4.115636	41	37	25	26	24	15	22	2	9	1	1	2	1	0.88	0.03	0
1343951782	64	60	7	1	1	4.968015	39	38	23	28	15	12	18	7	2	5	1	2	2	0.82	0.04	0
1351502576	64	57	8	0	0	4.606854	41	41	23	23	17	13	22	3	8	5	3	1	1	0.9	0.04	0
1353717466	64	60	4	1	0	3.026141	41	39	20	27	22	12	18	1	12	2	1	2	1	0.79	0.13	0
1365321878	64	60	5	1	0	4.912462	37	38	28	23	27	14	22	1	5	6	1	2	2	0.9	0.04	0
1368025081	64	60	4	1	0	4.637332	43	37	20	29	18	15	22	9	13	6	1	2	2	0.84	0.16	0
1368532432	64	60	7	0	0	4.343401	39	46	19	31	19	15	22	2	5	1	1	4	1	0.76	0.16	0
1377392853	64	59	3	0	0	3.710081	34	42	5	24	21	12	12	5	2	1	2	1	1	0.78	0.15	0
1379435329	64	53	3	0	0	4.994081	44	34	16	29	24	11	18	2	1	2	1	3	1	0.87	0.04	0
1385794420	64	60	3	1	0	2.474273	26	29	28	25	17	14	22	1	1	2	2	4	1	0.91	0.03	0
1388650671	64	47	2	1	0	4.642044	41	41	16	29	18	13	22	1	3	2	1	2	2	0.83	0.04	0
1392942194	64	57	4	0	0	4.708369	34	42	5	24	21	12	12	3	5	1	1	1	1	0.94	0.04	0
1401018905	64	60	6	1	0	3.726832	27	33	14	20	27	14	12	9	5	2	1	2	1	0.84	0.04	0
1401703523	64	60	5	0	0	2.843036	45	35	13	25	28	13	12	5	7	2	2	4	1	0.94	0.04	0
1401855911	64	60	4	0	0	4.37326	26	25	20	13	17	13	22	1	3	1	1	4	1	0.96	0.04	0
1402855320	64	60	5	1	0	3.490364	39	37	22	27	19	14	18	1	1	2	1	2	1	0.81	0.04	0
1402942868	64	58	5	0	0	4.475383	43	37	20	29	18	15	22	10	9	8	1	5	1	0.85	0.04	0
1406977563	64	60	2	1	0	3.645572	36	49	13	24	28	15	12	3	3	6	1	1	1	0.84	0.04	0
1416021030	64	51	5	1	0	4.915998	40	41	15	23	23	13	12	9	5	1	3	4	1	0.85	0.15	0
1416097732	64	49	3	0	0	3.25289	36	40	9	33	24	13	12	4	3	1	2	2	1	0.84	0.04	0
1416352225	64	46	4	1	0	4.704359	43	37	20	29	18	15	22	5	8	2	1	1	1	0.77	0.15	0
1416880609	64	60	8	0	0	2.983904	26	40	20	23	20	13	18	1	2	1	2	1	1	0.92	0.03	0
1417083831	64	60	8	0	0	4.589627	39	46	26	25	18	15	22	1	11	2	3	2	1	0.96	0.04	0
1419590882	64	59	3	0	0	3.394042	40	43	15	31	25	11	18	3	7	2	1	2	1	0.91	0.03	0
1419966271	64	52	6	1	0	3.206609	36	50	7	31	25	13	12	1	4	3	1	2	1	0.95	0.04	0
1421303329	64	57	4	1	0	4.942919	31	32	18	26	24	14	22	1	2	1	1	5	2	0.87	0.04	0
1424180631	64	60	2	0	0	4.283425	39	33	14	22	14	12	22	1	1	1	2	2	2	1.18	0.04	0.63
1424183977	64	58	10	1	0	2.33458	34	42	5	24	21	12	12	2	1	1	1	2	1	0.84	0.04	0
1425600447	64	60	6	1	0	4.483853	46	32	16	33	14	12	18	10	3	2	1	1	1	0.8	0.16	0
1425933846	64	56	9	0	0	3.069875	38	40	19	19	33	15	12	2	1	1	1	1	1	0.82	0.14	0
1430235960	64	53	7	1	0	4.43245	34	42	5	24	21	12	12	1	4	4	5	2	1	0.79	0.15	0
1431230059	64	60	5	1	0	4.620818	40	37	17	34	17	14	20	4	1	2	1	1	1	0.86	0.04	0
1431875635	64	59	10	0	0	3.718454	21	35	5	22	21	11	12	1	2	4	1	3	1	1.13	0.04	0.62
1436187650	64	60	3	1	0	4.582753	34	42	16	23	33	12	12	1	8	2	1	1	2	0.95	0.03	0
1440722561	64	60	3	1	0	4.839112	23	42	13	22	28	14	12	1	1	2	2	2	1	0.9	0.03	0
1441052546	64	50	9	1	0	3.098916	30	31	21	21	19	13	18	1	3	1	1	1	1	0.74	0.16	0
1442812281	64	59	5	1	0	3.224654	39	36	28	27	17	15	22	2	4	1	1	1	1	0.84	0.04	0
1443351933	64	49	8	0	0	3.926257	24	23	21	20	12	9	14	3	1	1	6	1	1	0.84	0.04	0
1443657817	64	60	2	0	0	4.718949	43	39	15	30	16	12	18	2	8	1	1	1	1	0.78	0.14	0
1445277051	64	60	4	0	0	4.415193	35	42	17	29	28	12	22	1	7	2	1	1	2	0.83	0.04	0
1447162637	64	56	6	1	0	3.913453	43	39	15	30	16	12	18	2	8	1	2	1	2	0.81	0.14	0
1448255400	64	56	6	1	0	4.081176	40	41	8	29	24	13	12	6	9	8	1	2	3	0.89	0.04	0
1450039007	64	60	6	0	0	4.610148	26	40	20	23	20	13	18	2	9	1	1	1	1	0.84	0.04	0
1450090612	64	60	4	0	0	2.08099	43	36	26	22	21	17	22	7	2	2	1	1	1	0.83	0.04	0
1450954192	64	60	5	1	0	4.796256	37	40	16	30	26	11	18	1	11	2	1	1	1	0.83	0.03	0
1451056658	64	60	14	0	0	4.128656	24	28	10	30	32	11	12	7	2	6	4	1	1	0.84	0.04	0
1453569071	64	60	4	0	0	4.129932	43	37	20	29	18	15	22	6	2	2	1	2	1	0.87	0.04	0
1457085833	64	58	4	0	0	3.633728	40	37	24	28	16	14	20	1	6	2	1	2	1	0.92	0.03	0
1458227944	64	56	3	0	0	4.190652	39	46	26	25	18	15	22	1	3	1	1	2	1	0.85	0.04	0
1460897699	64	51	7	1	0	4.649651	36	40	9	33	24	13	12	12	2	4	3	2	1	0.85	0.04	0
1463610468	64	51	11	1	0	4.75646	21	34	15	20	37	13	12	2	5	3	1	1	1	0.92	0.04	0
1463883565	64	60	2	1	0	4.831689	24	32	22	21	29	12	18	4	1	2	1	1	1	0.73	0.16	0
1465117518	64	53	12	0	0	4.889726	34	42	9	29	34	12	12	1	4	5	1	2	1	0.82	0.04	0
1465327642	64	41	9	1	0	4.941984	27	33	26	21	30	15	22	5	7	1	1	1	1	0.74	0.15	0
1466230701	64	60	3	0	0	4.275016	27	30	25	23	27	16	22	1	3	1	1	1	1	0.84	0.04	0
1470530377	64	60	4	1	0	4.706635	35	32	15	26	14	12	22	3	2	2	2	1	2	0.72	0.14	0
1471675486	64	60	7	0	0	4.331781	38	33	6	22	20	12	12	5	5	7	1	5	1	1.1	0.03	0.65
1474017139	64	60	2	0	0	4.737546	30	29	26	20	21	16	22	6	2	1	1	1	1	0.8	0.15	0
1474736693	64	60	4	0	0	4.974895	27	30	24	26	16	13	20	1	5	8	1	1	1	0.86	0.03	0
1478214382	64	60	5	1	0	4.543952	34	41	15	22	37	14	12	3	7	2	1	2	1	0.95	0.03	0
1481415310	64	53	6	1	0	3.975979	41	43	6	28	30	13	12	11	6	1	1	2	1	0.85	0.03	0
1482576578	64	57	2	1	0	4.530157	52	31	23	21	20	16	22	6	7	1	2	13	1	0.84	0.04	0
1482967143	64	58	16	1	0	4.445331	43	37	20	29	18	15	22	4	1	8	1	1	1	0.78	0.15	0
1483172725	64	60	7	1	0	4.74953	34	42	5	24	21	12	12	2	5	2	1	1	3	0.84	0.04	0
1484591078	64	57	12	1	1	4.027135	24	30	27	20	31	15	22	7	6	1	2	1	3	0.85	0.04	0
1489866575	64	60	9	0	0	4.605169	40	38	19	32	24	15	22	6	1	1	1	1	1	0.92	0.04	0
1491106567	64	51	3	0	0	4.492899	46	32	16	34	15	11	14	5	8	9	1	1	1	0.72	0.16	0
1491553804	64	59	3	1	0	3.84401	24	23	14	25	12	10	18	1	1	2	1	3	1	0.97	0.04	0
1491714053	64	45	2	1	0	4.604555	24	33	23	22	25	10	18	2	1	1	1	4	1	0.83	0.04	0
1494084953	64	60	4	1	0	4.354835	27	33	14	20	27	14	12	5	2	3	1	3	1	0.82	0.04	0
1497407157	64	57	3	1	0	4.4539	38	33	6	22	20	12	12	3	4	3	1	2	1	0.98	0.04	0
1506137078	64	60	8	1	0	4.450548	52	33	18	22	18	13	18	4	3	1	2	12	3	0.95	0.04	0
1507799825	64	58	11	1	0	4.019401	37	33	19	19	20	12	22	1	1	1	1	1	1	1.14	0.04	0.66
1509158441	64	49	8	0	0	4.682634	27	30	24	26	16	13	20	2	3	1	4	2	1	0.85	0.03	0
1509728529	64	50	3	1	0	4.738254	28	32	27	19	21	11	18	5	6	1	1	2	1	0.82	0.15	0
1514789623	64	47	7	0	0	3.582741	43	34	9	32	22	13	12	13	5	4	1	2	1	0.71	0.14	0
1519546425	64	55	7	0	0	2.905206	46	30	21	32	16	15	22	2	7	3	1	3	1	0.76	0.16	0
1523369911	64	60	11	0	0	4.35704	36	50	7	31	25	13	12	2	4	3	1	3	1	0.85	0.04	0
1526903873	64	60	3	0	0	2.602886	37	49	21	24	22	15	22	2	1	9	1	1	1	0.73	0.14	0
1527144615	64	51	6	1	0	3.754559	34	42	5	24	21	12	12	2	4	1	1	2	1	0.95	0.04	0
1527541339	64	60	2	0	0	3.968889	38	29	15	27	13	13	20	1	2	1	2	1	1	0.78	0.14	0
1529268480	64	58	4	1	0	4.339369	40	33	17	33	24	11	18	3	1	1	1	1	1	0.81	0.14	0
1532311734	64	60	4	1	0	4.706593	39	38	23	28	15	12	18	1	1	10	1	2	1	0.85	0.04	0
1546067798	64	54	3	0	0	4.563045	42	43	14	28	24	13	22	1	3	1	1	3	2	0.91	0.03	0
1550043000	64	54	4	0	1	4.765579	40	48	17	30	25	15	22	4	2	3	2	1	1	0.79	0.14	0
1553573916	64	60	7	1	0	3.001684	39	33	14	22	14	12	22	1	1	4	1	1	1	1.56	0.17	0
1554663051	64	60	4	0	0	4.504776	36	39	15	26	27	15	12	2	4	3	1	1	1	0.87	0.04	0
1556753680	64	60	6	0	0	3.885848	39	38	23	28	15	12	18	7	3	2	1	3	1	0.75	0.15	0
1558263659	64	60	7	1	0	4.751902	44	32	21	28	26	14	22	9	2	3	1	4	2	0.9	0.03	0
1560234138	64	51	6	1	0	4.327162	40	41	8	29	24	13	12	2	4	4	1	3	1	0.81	0.14	0
1565085759	64	60	6	1	0	4.781674	37	28	19	26	14	14	22	2	2	6	1	2	1	0.91	0.04	0
1565265407	64	58	11	1	0	4.914796	41	40	22	22	21	15	22	6	4	2	2	3	2	0.75	0.15	0
1566348444	64	59	8	0	0	4.512649	46	35	21	25	22	13	22	8	1	1	1	2	3	0.95	0.03	0
1574575539	64	58	11	0	0	4.481255	37	40	17	33	18	13	22	3	4	6	1	2	1	0.92	0.04	0
1577532643	64	60	3	0	0	2.259145	28	33	29	14	20	14	22	1	6	2	1	3	1	0.92	0.03	0
1579721174	64	60	10	1	0	2.084666	35	41	23	22	31	14	22	1	1	5	1	1	1	0.85	0.04	0
1580011818	64	60	7	0	0	4.573946	36	50	14	25	24	13	12	1	4	3	1	1	1	0.82	0.15	0
1581313861	64	60	5	1	0	4.360583	39	41	21	26	24	13	22	9	2	1	1	2	3	0.76	0.14	0
1581472455	64	60	6	1	0	4.760713	30	27	16	24	21	12	12	7	14	3	1	1	1	0.85	0.16	0
1583138304	64	60	5	0	0	4.684679	39	43	8	34	23	13	12	14	4	1	1	4	1	0.74	0.14	0
1584457036	64	60	8	1	0	2.625586	36	40	16	27	23	13	12	12	3	1	1	1	2	0.85	0.04	0
1586310861	64	55	2	1	0	4.836181	38	41	13	26	30	13	12	3	2	2	1	1	1	0.89	0.04	0
1591769311	64	52	9	0	0	3.12158	37	50	15	31	19	13	22	1	4	1	1	1	2	0.83	0.15	0
1595216581	64	60	5	1	0	4.045319	44	42	19	28	21	12	18	2	1	1	1	1	2	0.95	0.03	0
1603616889	64	57	5	1	0	4.600095	26	29	28	25	17	14	22	2	1	3	1	1	1	0.85	0.04	0
1604775266	64	60	11	0	0	4.68884	40	40	14	22	27	15	12	5	5	7	3	2	1	0.9	0.04	0
1610333846	64	60	5	1	0	4.349371	45	35	13	25	28	13	12	3	1	2	1	2	1	0.93	0.03	0
1615284619	64	60	4	1	1	4.165864	40	37	24	28	16	14	20	2	1	2	1	1	1	0.72	0.14	0
1618607698	64	57	11	0	0	2.695055	37	49	21	24	22	15	22	3	1	2	1	2	2	0.73	0.13	0
1619682196	64	60	3	1	0	3.561304	39	46	26	25	18	15	22	6	2	1	1	1	1	0.91	0.04	0
1619728312	64	59	4	1	0	3.969341	24	33	24	25	17	12	22	3	4	6	2	2	1	0.95	0.04	0
1621213417	64	47	3	1	0	4.929329	26	24	25	12	17	10	18	7	2	1	1	1	2	0.86	0.04	0
1621649225	64	57	7	1	0	4.113112	37	37	27	22	31	16	22	1	2	3	1	1	1	0.96	0.04	0
1626894518	64	48	5	0	0	3.833907	30	31	21	21	19	13	18	5	1	1	3	2	2	0.78	0.14	0
1631085060	64	45	7	1	0	3.126492	39	48	21	26	16	12	18	4	2	1	1	1	2	0.82	0.15	0
1633007934	64	60	3	1	1	4.31635	26	26	14	20	14	11	22	10	3	1	1	2	1	1.7	0.19	0
1633088097	64	59	7	1	0	2.114918	39	36	28	27	17	15	22	6	2	2	1	2	1	0.94	0.04	0
1634535274	64	45	4	1	0	4.198742	39	37	22	27	19	14	18	3	3	3	2	3	1	0.81	0.04	0
1637325064	64	60	6	1	0	4.290731	40	41	20	30	27	14	22	2	1	3	1	2	1	0.84	0.04	0
1638638477	64	60	9	1	0	4.749391	36	50	7	31	25	13	12	2	5	6	2	3	1	0.86	0.15	0
1639924721	64	60	4	1	0	2.991358	43	36	26	22	21	17	22	7	2	3	1	1	2	0.94	0.04	0
1640278191	64	45	5	0	0	3.619302	38	41	13	26	30	13	12	1	1	2	1	1	1	0.84	0.03	0
1651087223	64	54	5	1	0	4.770862	37	30	14	28	13	10	14	2	1	1	6	3	1	0.92	0.04	0
1653638890	64	60	4	0	0	4.578395	40	37	17	34	17	14	20	3	1	2	1	2	1	0.87	0.04	0
1662931683	64	60	5	1	0	4.503654	47	34	7	28	20	14	12	3	1	2	2	12	1	0.98	0.04	0
1666669198	64	60	8	1	0	2.089622	43	36	26	22	21	17	22	3	6	2	1	4	1	0.92	0.03	0
1671255001	64	49	5	1	0	4.853717	31	29	7	29	28	12	12	6	6	4	1	2	3	0.98	0.04	0
1671606546	64	54	2	1	0	4.049828	33	34	15	22	24	11	22	3	1	2	1	1	1	0.9	0.04	0
1671918857	64	59	9	1	0	4.745144	22	27	5	23	26	11	12	8	1	6	1	1	1	0.91	0.04	0
1675200982	64	60	13	0	0	4.66537	40	41	15	23	23	13	12	1	19	2	1	2	1	0.79	0.16	0
1676352447	64	57	5	1	0	4.200175	39	46	19	31	19	15	22	5	2	3	1	1	2	0.86	0.03	0
1676646682	64	58	9	0	0	4.324835	51	31	15	29	13	15	20	2	1	1	2	12	2	0.8	0.16	0
1680836993	64	58	7	0	0	4.666738	39	38	16	35	17	11	14	6	3	1	4	2	1	0.74	0.15	0
1681044940	64	60	7	0	0	4.478517	39	38	16	34	16	12	18	2	3	2	1	4	3	0.82	0.04	0
1681250429	64	60	3	0	0	4.071224	21	34	11	15	24	13	12	3	3	1	3	2	1	0.89	0.04	0
1684345769	64	59	8	1	0	3.164272	44	32	21	30	20	12	18	4	1	1	1	1	1	0.93	0.03	0
1685760287	64	60	3	1	0	4.508893	37	42	7	32	30	13	12	1	2	3	2	1	1	0.85	0.04	0
1689947493	64	59	7	0	0	2.786633	39	45	25	24	22	17	22	2	1	2	1	3	1	0.8	0.14	0
1692666778	64	60	3	0	0	4.438177	28	29	31	17	27	16	22	3	3	7	2	1	1	0.96	0.04	0
1695775259	64	53	5	0	0	4.936466	37	38	28	23	27	14	22	2	2	1	1	1	1	0.81	0.16	0
1696626703	64	59	8	1	0	4.41854	34	32	7	26	20	12	12	12	1	2	1	1	1	0.81	0.14	0
1707195907	64	44	5	0	0	3.164913	21	35	5	22	21	11	12	1	2	4	1	3	1	1.12	0.04	0.61
1708317143	64	60	13	1	0	3.873137	24	35	7	30	30	12	12	9	3	6	3	1	1	0.8	0.16	0
1708902068	64	60	6	1	0	4.201473	40	37	17	34	17	14	20	12	2	1	1	1	2	0.89	0.04	0
1710700468	64	51	13	1	0	4.058768	40	41	15	23	23	13	12	1	6	2	1	1	1	0.94	0.04	0
1711647340	64	52	6	1	0	4.209077	40	40	14	22	27	15	12	7	2	2	1	2	1	0.98	0.04	0
1712295650	64	60	4	0	1	4.835834	44	34	17	32	16	13	22	10	3	1	2	1	1	0.77	0.15	0
1712880165	64	55	2	0	0	4.764867	40	40	14	22	27	15	12	3	4	1	2	2	1	0.84	0.14	0
1717158407	64	60	2	0	0	4.350945	36	50	14	25	24	13	12	1	4	2	1	4	2	0.76	0.14	0
1726240221	64	51	6	1	0	3.569625	39	46	19	31	19	15	22	1	1	12	2	4	1	0.91	0.03	0
1727171154	64	60	3	0	0	4.201939	37	37	27	22	31	16	22	2	2	3	1	2	2	0.82	0.04	0
1731616996	64	52	11	1	0	3.548198	41	39	27	21	21	12	18	5	2	1	1	1	1	0.79	0.16	0
1732747967	64	60	5	1	0	4.708083	39	41	21	26	24	13	22	4	5	3	1	2	2	0.96	0.04	0
1739550179	64	51	2	0	0	4.828226	37	40	24	27	17	13	22	2	1	3	1	1	1	0.97	0.04	0
1743317755	64	55	6	1	0	4.064363	36	50	7	31	25	13	12	1	4	2	2	3	1	0.75	0.16	0
1744532213	64	60	18	0	0	4.908447	39	46	19	31	19	15	22	3	1	2	1	2	1	0.95	0.04	0
1744977597	64	56	5	0	0	4.991812	46	40	19	30	17	15	22	9	5	4	1	6	1	0.84	0.03	0
1745895041	64	46	4	1	0	4.314786	54	31	18	24	14	16	22	2	1	1	3	12	1	0.83	0.16	0
1750821609	64	60	5	1	0	4.114107	46	35	21	25	22	13	22	15	5	2	1	1	1	0.73	0.14	0
1751285261	64	60	6	1	0	4.856368	37	40	12	25	13	11	18	2	2	3	1	4	1	0.9	0.04	0
1755563516	64	53	9	0	1	3.81543	43	37	20	29	18	15	22	3	13	4	1	3	1	0.74	0.16	0
1770353756	64	60	8	1	0	3.666934	41	37	32	20	23	15	22	10	6	1	1	1	1	0.8	0.14	0
1774529721	64	60	6	1	0	3.87189	43	40	16	35	16	14	20	2	7	3	1	3	1	0.73	0.14	0
1774805934	64	58	7	0	0	4.382548	42	36	17	28	26	12	22	2	12	8	1	1	1	0.77	0.16	0
1779298106	64	59	4	1	0	2.555586	39	38	23	28	15	12	18	12	5	4	1	1	1	0.89	0.03	0
1781249373	64	60	7	1	0	4.464779	43	38	21	23	19	14	18	5	5	2	1	1	1	0.91	0.04	0
1784081861	64	56	6	1	0	3.859097	37	50	15	31	19	13	22	2	11	7	1	5	1	0.93	0.04	0
1784505617	64	58	5	0	0	4.622533	46	42	14	31	15	12	18	6	5	1	2	6	1	0.98	0.04	0
1784507750	64	60	5	0	0	4.090769	24	32	18	16	16	12	18	3	1	5	2	1	1	1.1	0.14	0.6
1787064341	64	60	5	1	0	3.951524	41	41	23	23	17	13	22	6	7	1	1	2	1	0.87	0.03	0
1798534141	64	56	2	1	0	4.443287	37	49	21	24	22	15	22	2	3	1	2	1	1	0.92	0.04	0
1799731021	64	60	9	0	0	4.68369	44	40	24	27	23	15	22	9	1	2	4	1	4	0.76	0.15	0
1800763883	64	52	5	1	0	3.61422	34	41	15	22	37	14	12	5	2	3	1	1	1	0.79	0.14	0
1800997163	64	59	3	1	1	2.486483	34	23	23	24	18	15	20	2	1	2	1	2	1	0.79	0.04	0
1807753633	64	60	2	1	0	3.599226	34	42	5	24	21	12	12	1	1	1	1	1	2	1.1	0.04	0.69
1811339606	64	59	10	0	0	4.559754	41	29	18	22	14	14	22	2	4	2	1	1	1	1.66	0.19	0
1811653848	64	56	5	1	0	4.753895	41	40	22	22	21	15	22	6	6	11	2	2	1	0.99	0.04	0
1812572288	64	58	6	1	0	3.155519	39	37	22	28	20	13	14	5	6	5	2	2	2	0.77	0.15	0
1815016983	64	54	4	1	0	4.341286	26	22	23	17	20	13	22	5	1	3	1	2	1	1.15	0.03	0.64
1816726261	64	57	3	1	0	4.701191	37	38	17	24	15	14	22	3	4	1	1	1	2	0.79	0.14	0
1818163585	64	46	4	1	0	3.917535	51	35	6	24	20	14	12	9	2	4	5	12	1	0.83	0.04	0
1818360620	64	49	2	0	0	3.941583	40	37	17	34	17	14	20	4	5	1	1	1	1	0.88	0.04	0
1821740488	64	51	7	1	0	3.981272	27	43	12	29	23	11	18	1	6	4	1	3	1	0.85	0.04	0
1823048615	64	60	7	1	0	3.134564	40	37	17	34	17	14	20	1	1	7	1	2	1	0.83	0.15	0
1826207430	64	52	3	1	0	2.524994	39	46	26	25	18	15	22	1	2	1	1	1	1	0.94	0.04	0
1827430881	64	55	4	1	0	4.999916	39	46	19	31	19	15	22	1	2	1	1	1	1	0.87	0.04	0
1832372658	64	60	4	1	0	4.684258	37	40	24	27	17	13	22	4	5	1	1	1	1	0.83	0.03	0
1836912857	64	60	8	0	0	3.548731	21	34	15	20	37	13	12	3	1	12	1	1	1	0.76	0.16	0
1841547704	64	57	5	0	0	2.019361	41	44	12	27	29	13	12	5	3	1	1	2	4	0.91	0.04	0
1845102542	64	40	5	1	0	4.760552	24	23	14	25	12	10	18	2	2	1	1	3	1	0.9	0.04	0
1848563556	64	60	11	0	0	3.965265	40	37	24	28	16	14	20	1	3	4	1	2	1	0.79	0.14	0
1848614817	64	56	6	0	0	4.655073	40	43	15	31	25	11	18	5	6	2	1	1	1	0.85	0.04	0
1850078956	64	55	4	0	0	3.93141	50	35	19	21	20	14	22	5	1	1	3	12	1	0.93	0.04	0
1851086768	64	60	4	1	0	3.139813	24	32	23	24	21	14	22	7	2	8	1	1	1	0.72	0.15	0
1851845115	64	53	3	1	0	2.684226	37	38	17	24	15	14	22	2	7	4	1	1	1	0.92	0.03	0
1854117619	64	46	3	0	0	4.743183	40	48	17	30	25	15	22	4	1	1	1	1	1	0.72	0.15	0
1854600251	64	60	4	0	0	4.528689	40	36	22	25	32	12	22	1	3	2	1	1	1	0.75	0.15	0
1855690189	64	56	11	1	0	4.782801	38	40	19	19	33	15	12	1	4	1	1	1	3	0.86	0.03	0
1857160198	64	53	7	1	0	4.541898	40	36	23	27	20	16	20	3	1	2	1	1	1	0.83	0.04	0
1858339182	64	59	6	0	0	3.475511	43	44	7	30	23	13	12	9	7	1	1	1	1	0.84	0.14	0
1859667717	64	60	8	0	0	4.361714	43	38	21	23	19	14	18	2	5	2	1	2	1	0.86	0.03	0
1860002438	64	36	14	1	1	3.779314	39	40	27	19	27	15	22	1	2	12	5	1	1	0.82	0.16	0
1862387686	64	49	11	0	0	3.809223	41	43	6	28	30	13	12	1	8	1	1	1	2	0.74	0.14	0
1863654881	64	56	3	1	0	4.744702	37	30	14	27	12	11	18	2	1	2	1	1	2	0.99	0.04	0
1864485686	64	60	6	1	0	4.585346	34	42	5	24	21	12	12	1	1	2	1	1	1	0.87	0.04	0
1865775585	64	52	7	1	0	4.672441	34	32	7	26	20	12	12	8	1	5	1	1	1	0.94	0.04	0
1868171971	64	42	7	1	0	3.549649	39	46	19	31	19	15	22	4	2	4	1	1	1	0.83	0.04	0
1873508654	64	53	10	0	0	4.993302	35	44	7	28	40	12	12	1	3	1	1	3	3	0.84	0.04	0
1873950336	64	54	6	1	0	4.99218	37	52	5	30	31	13	12	1	2	3	5	1	1	0.83	0.04	0
1874511662	64	60	4	1	0	2.963276	46	40	19	30	17	15	22	13	4	4	2	1	1	0.78	0.14	0
1877604916	64	60	16	1	0	4.926533	33	25	16	31	14	11	18	13	1	1	1	1	1	0.91	0.04	0
1878873188	64	50	5	0	0	3.528836	54	33	13	25	12	13	18	1	6	1	3	13	1	0.89	0.03	0
1881881685	64	57	3	0	0	4.744133	40	40	14	22	27	15	12	1	11	1	1	3	1	0.9	0.04	0
1890129649	64	56	9	1	0	4.283536	26	30	22	26	20	12	14	3	2	7	4	2	1	0.87	0.04	0
1891605019	64	60	4	0	0	4.727164	47	34	7	28	20	14	12	6	1	1	2	14	1	0.82	0.16	0
1891827366	64	60	8	0	0	3.543244	43	39	15	30	16	12	18	12	3	4	3	2	1	0.8	0.04	0
1895106370	64	60	8	1	0	2.516244	48	34	15	28	14	14	22	3	1	3	2	12	1	0.7	0.13	0
1895568545	64	57	3	1	0	4.939731	39	46	19	31	19	15	22	2	9	3	2	1	1	0.86	0.14	0
1897423167	64	55	5	0	0	3.861889	41	29	18	22	14	14	22	3	1	1	1	3	1	0.86	0.04	0
1900061225	64	58	6	0	0	4.373636	45	35	13	25	28	13	12	7	3	1	2	1	1	0.86	0.04	0
1900647265	64	60	2	0	0	4.19869	39	41	21	26	24	13	22	4	1	3	1	3	1	0.85	0.15	0
1904953792	64	60	5	0	0	4.823177	37	30	14	28	13	10	14	1	1	4	1	1	1	1.16	0.04	0.61
1906549853	64	57	3	1	0	3.701771	41	31	13	23	12	11	18	12	14	2	1	2	1	1.23	0.04	0.64
1906714154	64	60	3	0	0	3.842024	43	37	20	29	18	15	22	5	7	1	1	4	1	0.83	0.04	0
1909438501	64	50	3	0	0	3.06889	40	36	23	27	20	16	20	3	2	3	3	1	1	0.94	0.04	0
1909927553	64	54	5	0	0	4.477921	40	41	15	23	23	13	12	2	6	1	1	2	1	0.79	0.16	0
1912703966	64	60	5	0	0	3.33066	47	31	17	33	15	14	20	10	1	1	2	1	1	0.74	0.15	0
1912922832	64	40	4	1	0	4.578687	40	40	14	22	27	15	12	2	4	7	1	1	1	0.82	0.04	0
1914841464	64	54	6	1	1	3.515749	36	50	7	31	25	13	12	1	3	2	1	1	2	0.95	0.04	0
1916978141	64	59	3	1	0	4.581452	36	39	15	26	27	15	12	8	1	3	1	1	1	0.86	0.04	0
1918508122	64	56	5	1	0	3.394143	39	45	25	24	22	17	22	5	2	3	1	2	1	0.84	0.04	0
1920500300	64	49	5	1	0	2.908505	40	37	24	28	16	14	20	12	5	1	2	1	1	0.73	0.14	0
1921444175	64	54	2	0	0	4.13288	36	40	16	27	23	13	12	3	3	8	1	1	1	0.93	0.04	0
1921988454	64	51	12	1	0	2.665603	30	30	27	21	17	14	22	3	7	4	1	3	1	0.91	0.04	0
1922608589	64	57	7	1	0	4.399744	41	39	27	21	21	12	18	10	7	2	1	1	1	0.84	0.04	0
1928987966	64	59	9	0	0	4.876758	36	50	7	31	25	13	12	3	6	1	2	2	1	0.83	0.04	0
1932424551	64	60	6	0	0	3.813718	38	40	19	19	33	15	12	7	7	2	2	1	1	0.94	0.04	0
1936293461	64	58	3	1	0	3.376696	39	46	26	25	18	15	22	5	9	2	2	1	1	0.84	0.15	0
1936985687	64	45	5	1	0	2.340544	39	29	23	19	20	14	22	4	1	2	1	1	2	0.95	0.14	0.57
1937678083	64	44	5	1	0	4.607181	39	45	25	24	22	17	22	2	4	5	1	1	1	0.95	0.04	0
1938871453	64	41	4	0	0	2.006571	52	31	23	21	20	16	22	2	1	1	2	13	1	0.89	0.03	0
1943152491	64	60	3	1	0	4.285432	40	37	17	34	17	14	20	2	6	4	1	1	1	0.92	0.03	0
1943628301	64	60	8	1	0	3.774141	37	49	21	24	22	15	22	1	1	1	2	1	1	0.81	0.04	0
1943639433	64	56	9	0	0	4.624929	36	33	11	19	26	12	12	3	5	1	1	1	1	0.87	0.04	0
1943675349	64	60	3	0	0	3.637904	25	33	19	17	33	14	12	3	2	5	1	3	1	0.82	0.04	0
1947790182	64	53	8	1	0	4.947665	35	42	17	29	28	12	22	8	1	1	2	1	1	0.81	0.14	0
1951090855	64	60	7	1	0	3.620938	40	41	8	29	24	13	12	7	7	1	1	1	2	0.85	0.04	0
1952339728	64	57	5	1	0	4.667445	39	46	19	31	19	15	22	2	3	3	1	1	4	0.84	0.04	0
1955796272	64	56	13	0	0	2.867621	40	41	8	29	24	13	12	1	8	3	2	2	1	0.82	0.04	0
1962494167	64	60	10	0	0	4.044092	43	36	26	22	21	17	22	6	4	3	2	1	1	0.74	0.14	0
1962695170	64	57	4	0	0	4.294902	41	41	23	23	17	13	22	10	8	2	2	1	1	0.86	0.16	0
1964471307	64	49	2	0	0	3.311247	47	31	17	33	15	14	20	8	6	2	1	6	2	0.83	0.04	0
1965650260	64	60	9	1	0	4.755362	39	48	14	32	17	12	18	2	8	1	1	1	1	0.88	0.04	0
1966389781	64	48	4	1	0	2.722512	34	32	7	26	20	12	12	2	1	3	1	1	1	1.17	0.04	0.64
1971538645	64	40	7	1	0	3.228627	35	30	19	22	24	13	22	7	1	1	1	3	1	0.83	0.04	0
1972586183	64	60	3	0	0	3.090751	32	34	7	22	30	11	12	1	1	4	1	1	2	0.95	0.03	0
1975486516	64	60	6	0	0	3.091751	45	31	22	30	21	14	20	12	4	2	1	5	1	0.88	0.03	0
1977655749	64	59	7	0	0	4.609878	44	32	21	28	26	14	22	3	2	1	1	3	1	0.85	0.15	0
1979553219	64	60	2	1	0	4.999044	40	37	24	28	16	14	20	11	1	5	1	1	1	0.97	0.04	0
1980051444	64	49	3	0	0	4.230595	43	37	20	29	18	15	22	2	3	4	1	3	1	0.78	0.15	0
1981585458	64	47	4	1	1	4.316042	39	38	16	35	17	11	14	1	1	8	1	1	1	0.88	0.04	0
1990681065	64	60	5	0	0	4.953107	37	50	15	31	19	13	22	2	3	5	3	3	1	0.82	0.04	0
1992155348	64	60	5	0	0	4.480464	31	31	24	19	27	16	22	6	11	1	3	1	1	0.93	0.04	0
1993406637	64	55	11	0	0	4.402489	30	32	22	22	15	11	18	9	7	1	3	4	1	0.73	0.15	0
1995675706	64	45	4	1	0	2.859125	30	31	28	15	18	13	18	7	10	2	1	2	1	0.83	0.16	0
1997244387	64	60	4	0	0	4.601662	39	37	22	28	20	13	14	4	1	9	4	1	1	0.86	0.04	0
1999587158	64	55	5	0	0	4.952376	37	35	10	32	32	12	12	12	1	2	2	2	1	0.9	0.04	0
2000727548	64	60	3	0	0	3.037867	26	30	29	20	19	12	14	1	1	3	2	2	2	0.94	0.03	0
2003085784	64	60	3	1	0	4.641359	39	40	27	19	27	15	22	1	3	1	2	2	1	0.93	0.04	0
2003269334	64	55	8	1	0	4.930485	39	48	14	32	17	12	18	2	1	1	1	1	1	0.88	0.04	0
2009957817	64	60	7	1	1	4.224771	37	28	19	26	14	14	22	3	2	1	1	1	2	1.68	0.07	0
2011801466	64	56	2	1	0	4.773782	30	32	22	22	15	11	18	2	6	1	1	8	1	0.82	0.14	0
2014882946	64	60	2	1	0	4.937972	41	44	12	27	29	13	12	1	1	1	1	1	1	0.82	0.04	0
2016692165	64	44	3	0	0	4.843809	33	34	15	22	24	11	22	1	2	4	1	1	1	1.01	0.16	0.71
2019445794	64	54	10	1	0	3.778691	52	31	23	21	20	16	22	1	2	1	2	12	2	0.91	0.04	0
2020192574	64	48	6	1	0	2.741094	44	32	21	28	26	14	22	7	2	1	1	1	5	0.71	0.14	0
2022267620	64	60	3	1	0	4.38263	43	36	26	22	21	17	22	4	2	2	1	1	1	0.95	0.04	0
2023281232	64	57	7	1	0	2.507078	41	40	22	22	21	15	22	2	4	3	1	3	1	0.75	0.16	0
2025355398	64	60	8	1	0	4.542584	38	29	15	27	13	13	20	3	1	2	1	1	1	1.25	0.04	0.66
2033998586	64	55	10	0	0	4.388812	39	38	16	35	17	11	14	9	2	4	1	1	3	0.94	0.03	0
2034624044	64	60	2	1	0	3.404576	52	33	18	22	18	13	18	1	1	3	3	12	2	0.82	0.14	0
2041411063	64	58	3	0	0	4.211831	40	36	23	27	20	16	20	2	3	1	2	2	1	0.86	0.03	0
2046289173	64	51	10	1	0	4.506951	41	31	13	23	12	11	18	2	6	2	1	1	1	0.95	0.04	0
2047545934	64	56	11	1	0	4.622504	37	37	27	22	31	16	22	2	1	8	1	2	1	0.84	0.04	0
2047804587	64	60	5	0	0	4.894418	36	40	9	33	24	13	12	3	1	2	1	1	1	0.92	0.04	0
2048531188	64	51	4	0	0	4.705635	39	36	21	33	18	15	22	1	1	7	1	1	1	0.97	0.04	0
2048594829	64	53	5	1	0	4.159574	38	33	6	22	20	12	12	4	7	3	1	2	1	0.9	0.04	0
2048874562	64	60	3	1	0	3.95715	30	31	28	15	18	13	18	4	5	5	1	7	1	0.95	0.04	0
2049779402	64	54	4	0	0	4.499557	39	36	28	27	17	15	22	3	1	2	1	3	3	0.98	0.03	0
2057610109	64	55	16	0	0	2.852549	34	42	9	29	34	12	12	2	2	3	1	1	2	0.92	0.03	0
2059166469	64	57	7	0	0	3.500019	24	32	30	18	20	14	22	1	7	4	3	2	1	0.74	0.16	0
2060255192	64	59	2	0	0	4.314192	41	39	20	27	22	12	18	3	2	4	1	1	1	0.93	0.04	0
2066101327	64	60	3	1	0	4.834747	40	41	8	29	24	13	12	12	1	1	1	3	2	0.77	0.16	0
2067702517	64	60	3	0	0	3.690511	39	48	21	26	16	12	18	2	2	1	1	1	1	0.85	0.15	0
2069767151	64	57	2	1	0	4.599911	37	38	28	23	27	14	22	1	4	1	1	1	1	0.95	0.04	0
2069936087	64	46	4	0	0	4.819099	27	41	17	28	25	14	22	1	1	1	1	4	1	0.88	0.04	0
2070936734	64	60	3	1	0	4.866054	43	34	9	32	22	13	12	10	12	1	1	3	1	0.81	0.15	0
2073384558	64	48	8	1	0	4.387105	36	49	13	24	28	15	12	2	14	1	1	1	1	0.9	0.03	0
2077385332	64	60	3	1	0	3.181939	39	36	28	27	17	15	22	4	2	5	2	1	2	0.83	0.13	0
2080264669	64	50	5	0	0	4.57497	38	33	6	22	20	12	12	2	11	1	1	1	2	0.9	0.03	0
2084961472	64	55	4	1	0	4.528128	45	29	11	21	16	8	10	3	1	1	2	13	12	0.82	0.04	0
2086220078	64	60	3	1	0	4.538791	26	29	28	25	17	14	22	2	7	7	2	4	1	0.91	0.04	0
2088113248	64	60	10	0	0	4.09526	24	38	8	28	33	11	12	1	2	1	1	5	1	0.71	0.14	0
2091829511	64	60	4	0	0	4.767672	43	37	27	23	17	15	22	4	5	1	1	2	1	0.93	0.04	0
2093904123	64	56	2	0	0	3.829228	37	38	17	24	15	14	22	4	1	1	3	2	1	0.84	0.03	0
2094167584	64	54	3	1	0	4.16663	26	36	11	23	36	12	12	1	4	3	1	1	1	0.85	0.04	0
2095831064	64	55	4	1	0	3.853173	44	39	18	28	24	15	22	1	1	1	2	1	2	0.84	0.14	0
2097136787	64	54	7	1	0	4.52598	37	39	23	26	21	15	22	2	8	4	2	3	1	0.84	0.04	0
2098620322	64	58	2	0	0	2.600774	41	39	15	33	23	14	20	4	1	4	1	1	1	0.86	0.04	0
2102030508	64	49	6	1	0	4.533686	40	38	19	32	24	15	22	6	1	2	5	1	1	0.97	0.04	0
2105537201	64	60	2	1	0	4.832204	24	43	22	23	18	12	22	1	1	7	1	1	1	0.82	0.16	0
2106349973	64	40	8	0	0	3.920746	43	39	15	30	16	12	18	1	2	4	1	3	1	0.83	0.04	0
2109113706	64	60	7	1	0	4.663497	37	40	24	27	17	13	22	2	12	2	2	1	1	0.81	0.15	0
2113007212	64	37	5	0	1	4.516209	37	38	21	29	28	14	22	2	2	2	1	1	1	0.83	0.04	0
2114367499	64	60	4	1	0	4.607348	37	40	16	30	26	11	18	1	1	3	2	1	1	0.89	0.04	0
2116030920	64	60	3	0	0	3.682186	42	44	20	27	23	13	22	6	2	2	3	1	3	0.8	0.14	0
2118767741	64	54	4	1	0	4.866063	40	43	15	31	25	11	18	1	1	1	1	2	1	0.95	0.04	0
2118782706	64	48	5	1	0	4.347673	43	37	20	29	18	15	22	1	4	3	1	3	1	0.73	0.16	0
2119666545	64	59	4	0	0	2.988232	39	48	14	32	17	12	18	2	3	2	1	1	2	0.83	0.14	0
2120182600	64	60	3	1	0	3.411852	35	42	13	24	15	12	22	1	1	10	2	1	1	0.88	0.03	0
2121357926	64	55	4	1	0	4.424714	41	43	6	28	30	13	12	10	4	1	3	2	1	0.96	0.04	0
2121382965	64	60	13	1	0	4.206567	36	50	14	25	24	13	12	2	4	6	2	1	1	0.92	0.04	0
2122629903	64	60	4	1	0	3.793237	46	42	14	31	15	12	18	2	8	1	4	6	1	0.88	0.04	0
2122962289	64	60	5	0	0	4.858586	43	39	22	24	15	12	18	11	8	1	1	9	1	0.93	0.04	0
2124139266	64	60	2	1	0	4.642081	37	50	22	25	18	13	22	1	6	2	1	1	1	0.86	0.04	0
2126512526	64	55	5	1	0	4.927444	40	43	15	31	25	11	18	3	1	2	1	1	1	0.74	0.15	0
2129583187	64	58	3	0	0	4.614544	27	40	23	21	28	16	22	4	3	2	1	1	1	0.82	0.04	0
2131687295	64	57	5	1	0	2.08504	43	37	20	29	18	15	22	3	13	4	1	3	1	0.72	0.15	0
2135040797	64	57	3	1	0	3.897694	44	32	21	30	20	12	18	3	1	2	1	1	1	0.73	0.14	0
2135698889	64	60	6	1	0	4.647531	39	38	16	34	16	12	18	1	4	6	1	1	1	0.94	0.04	0
2136202504	64	54	5	1	0	3.90063	28	35	12	19	33	14	12	1	11	1	2	1	1	0.9	0.04	0
2136384913	64	60	9	1	0	2.548055	35	42	13	24	15	12	22	1	1	4	2	1	1	0.82	0.03	0
2136609271	64	54	8	0	0	3.391716	41	41	16	29	18	13	22	1	4	1	1	3	2	0.82	0.04	0
2137074706	64	60	3	0	0	3.654696	36	50	14	25	24	13	12	2	8	2	1	2	1	0.72	0.16	0
2138179266	64	45	4	1	0	4.727819	47	31	17	33	15	14	20	8	1	3	1	3	2	0.93	0.04	0
2138988539	64	60	3	1	1	4.276578	37	28	19	26	14	14	22	2	1	1	2	1	1	0.86	0.04	0
2141253539	64	40	6	1	0	3.892301	37	39	22	23	29	13	18	3	8	5	3	1	1	0.75	0.16	0
2142280821	64	47	11	1	0	4.692987	40	41	8	29	24	13	12	2	4	4	1	3	1	0.81	0.14	0
2143240386	64	60	6	0	0	3.300044	41	41	16	29	18	13	22	1	4	4	1	6	1	0.84	0.04	0
2143283016	64	57	4	0	0	2.808417	27	34	15	21	23	12	12	5	7	4	1	8	1	0.79	0.04	0
2147234258	64	60	8	1	0	3.973738	37	40	23	24	25	11	18	1	4	6	1	4	2	0.87	0.03	0
